# GENERATED by tools/gen_world.py from tools/world/*.csv -- edit those, not this file.
# Coração do Bosque | região: Bosque Sombrio (Goblins) | bioma: darkwood | nível 4-7

[header]
width=50
height=50
tilewidth=192
tileheight=96
orientation=isometric
background_color=0,0,0,255
hero_pos=25,4
music=music/forest_theme.ogg
tileset=tilesetdefs/rd_darkwood.txt
title=Coração do Bosque — Bosque Sombrio

[layer]
type=background
data=
16,17,18,19,16,17,18,19,16,17,18,19,16,17,18,19,16,17,18,19,16,17,18,19,16,17,18,19,16,17,18,19,16,17,18,19,16,17,18,19,16,17,18,19,16,17,18,19,16,17,
20,21,22,23,20,21,22,23,20,21,22,23,20,21,22,23,20,21,22,23,20,21,22,23,20,21,22,23,20,21,22,23,20,21,22,23,20,21,22,23,20,21,22,23,20,21,22,23,20,21,
24,25,26,27,24,25,26,27,24,25,26,27,24,25,26,27,24,25,26,27,24,25,26,27,24,25,26,27,24,25,26,27,24,25,26,27,24,25,26,27,24,25,26,27,24,25,26,27,24,25,
28,29,30,31,28,29,30,31,28,29,30,31,28,29,30,31,28,29,30,31,28,29,30,31,28,29,30,31,28,29,30,31,28,29,30,31,28,29,30,31,28,29,30,31,28,29,30,31,28,29,
16,17,18,19,16,17,18,19,16,17,18,19,16,17,18,19,16,17,18,19,16,17,18,19,16,17,18,19,16,17,18,19,16,17,18,19,16,17,18,19,16,17,18,19,16,17,18,19,16,17,
20,21,22,23,20,21,22,23,20,21,22,23,20,21,22,23,20,21,22,23,20,21,22,23,20,21,22,23,20,21,22,23,20,21,22,23,20,21,22,23,20,21,22,23,20,21,22,23,20,21,
24,25,26,27,24,25,26,27,24,25,26,27,24,25,26,27,24,25,26,27,24,25,26,27,24,25,26,27,24,25,26,27,24,25,26,27,24,25,26,27,24,25,26,27,24,25,26,27,24,25,
28,29,30,31,28,29,30,31,28,29,30,31,28,29,30,31,28,29,30,31,28,29,30,31,28,29,30,31,28,29,30,31,28,29,30,31,28,29,30,31,28,29,30,31,28,29,30,31,28,29,
16,17,18,19,16,17,18,19,16,17,18,19,16,17,18,19,16,17,18,19,16,17,18,19,16,17,18,19,16,17,18,19,16,17,18,19,16,17,18,19,16,17,18,19,16,17,18,19,16,17,
20,21,22,23,20,21,22,23,20,21,22,23,20,21,22,23,20,21,22,23,20,21,22,23,20,21,22,23,20,21,22,23,20,21,22,23,20,21,22,23,20,21,22,23,20,21,22,23,20,21,
24,25,26,27,24,25,26,27,24,25,26,27,24,25,26,27,24,25,26,27,24,25,26,27,24,25,26,27,24,25,26,27,24,25,26,27,24,25,26,27,24,25,26,27,24,25,26,27,24,25,
28,29,30,31,28,29,30,31,28,29,30,31,28,29,30,31,28,29,30,31,28,29,30,31,28,29,30,31,28,29,30,31,28,29,30,31,28,29,30,31,28,29,30,31,28,29,30,31,28,29,
16,17,18,19,16,17,18,19,16,17,18,19,16,17,18,19,16,17,18,19,16,17,18,19,16,17,18,19,16,17,18,19,16,17,18,19,16,17,18,19,16,17,18,19,16,17,18,19,16,17,
20,21,22,23,20,21,22,23,20,21,22,23,20,21,22,23,20,21,22,23,20,21,22,23,20,21,22,23,20,21,22,23,20,21,22,23,20,21,22,23,20,21,22,23,20,21,22,23,20,21,
24,25,26,27,24,25,26,27,24,25,26,27,24,25,26,27,24,25,26,27,24,25,26,27,24,25,26,27,24,25,26,27,24,25,26,27,24,25,26,27,24,25,26,27,24,25,26,27,24,25,
28,29,30,31,28,29,30,31,28,29,30,31,28,29,30,31,28,29,30,31,28,29,30,31,28,29,30,31,28,29,30,31,28,29,30,31,28,29,30,31,28,29,30,31,28,29,30,31,28,29,
16,17,18,19,16,17,18,19,16,17,18,19,16,17,18,19,16,17,18,19,16,17,18,19,16,17,18,19,16,17,18,19,16,17,18,19,16,17,18,19,16,17,18,19,16,17,18,19,16,17,
20,21,22,23,20,21,22,23,20,21,22,23,20,21,22,23,20,21,22,23,20,21,22,23,20,21,22,23,20,21,22,23,20,21,22,23,20,21,22,23,20,21,22,23,20,21,22,23,20,21,
24,25,26,27,24,25,26,27,24,25,26,27,24,25,26,27,24,25,26,27,24,25,26,27,24,25,26,27,24,25,26,27,24,25,26,27,24,25,26,27,24,25,26,27,24,25,26,27,24,25,
28,29,30,31,28,29,30,31,28,29,30,31,28,29,30,31,28,29,30,31,28,29,30,31,28,29,30,31,28,29,30,31,28,29,30,31,28,29,30,31,28,29,30,31,28,29,30,31,28,29,
16,17,18,19,16,17,18,19,16,17,18,19,16,17,18,19,16,17,18,19,16,17,18,19,16,17,18,19,16,17,18,19,16,17,18,19,16,17,18,19,16,17,18,19,16,17,18,19,16,17,
20,21,22,23,20,21,22,23,20,21,22,23,20,21,22,23,20,21,22,23,20,21,22,23,20,21,22,23,20,21,22,23,20,21,22,23,20,21,22,23,20,21,22,23,20,21,22,23,20,21,
24,25,26,27,24,25,26,27,24,25,26,27,24,25,26,27,24,25,26,27,24,25,26,27,24,25,26,27,24,25,26,27,24,25,26,27,24,25,26,27,24,25,26,27,24,25,26,27,24,25,
28,29,30,31,28,29,30,31,28,29,30,31,28,29,30,31,28,29,30,31,28,29,30,31,28,29,30,31,28,29,30,31,28,29,30,31,28,29,30,31,28,29,30,31,28,29,30,31,28,29,
16,17,18,19,16,17,18,19,16,17,18,19,16,17,18,19,16,17,18,19,16,17,18,19,16,17,18,19,16,17,18,19,16,17,18,19,16,17,18,19,16,17,18,19,16,17,18,19,16,17,
20,21,22,23,20,21,22,23,20,21,22,23,20,21,22,23,20,21,22,23,20,21,22,23,20,21,22,23,20,21,22,23,20,21,22,23,20,21,22,23,20,21,22,23,20,21,22,23,20,21,
24,25,26,27,24,25,26,27,24,25,26,27,24,25,26,27,24,25,26,27,24,25,26,27,24,25,26,27,24,25,26,27,24,25,26,27,24,25,26,27,24,25,26,27,24,25,26,27,24,25,
28,29,30,31,28,29,30,31,28,29,30,31,28,29,30,31,28,29,30,31,28,29,30,31,28,29,30,31,28,29,30,31,28,29,30,31,28,29,30,31,28,29,30,31,28,29,30,31,28,29,
16,17,18,19,16,17,18,19,16,17,18,19,16,17,18,19,16,17,18,19,16,17,18,19,16,17,18,19,16,17,18,19,16,17,18,19,16,17,18,19,16,17,18,19,16,17,18,19,16,17,
20,21,22,23,20,21,22,23,20,21,22,23,20,21,22,23,20,21,22,23,20,21,22,23,20,21,22,23,20,21,22,23,20,21,22,23,20,21,22,23,20,21,22,23,20,21,22,23,20,21,
24,25,26,27,24,25,26,27,24,25,26,27,24,25,26,27,24,25,26,27,24,25,26,27,24,25,26,27,24,25,26,27,24,25,26,27,24,25,26,27,24,25,26,27,24,25,26,27,24,25,
28,29,30,31,28,29,30,31,28,29,30,31,28,29,30,31,28,29,30,31,28,29,30,31,28,29,30,31,28,29,30,31,28,29,30,31,28,29,30,31,28,29,30,31,28,29,30,31,28,29,
16,17,18,19,16,17,18,19,16,17,18,19,16,17,18,19,16,17,18,19,16,17,18,19,16,17,18,19,16,17,18,19,16,17,18,19,16,17,18,19,16,17,18,19,16,17,18,19,16,17,
20,21,22,23,20,21,22,23,20,21,22,23,20,21,22,23,20,21,22,23,20,21,22,23,20,21,22,23,20,21,22,23,20,21,22,23,20,21,22,23,20,21,22,23,20,21,22,23,20,21,
24,25,26,27,24,25,26,27,24,25,26,27,24,25,26,27,24,25,26,27,24,25,26,27,24,25,26,27,24,25,26,27,24,25,26,27,24,25,26,27,24,25,26,27,24,25,26,27,24,25,
28,29,30,31,28,29,30,31,28,29,30,31,28,29,30,31,28,29,30,31,28,29,30,31,28,29,30,31,28,29,30,31,28,29,30,31,28,29,30,31,28,29,30,31,28,29,30,31,28,29,
16,17,18,19,16,17,18,19,16,17,18,19,16,17,18,19,16,17,18,19,16,17,18,19,16,17,18,19,16,17,18,19,16,17,18,19,16,17,18,19,16,17,18,19,16,17,18,19,16,17,
20,21,22,23,20,21,22,23,20,21,22,23,20,21,22,23,20,21,22,23,20,21,22,23,20,21,22,23,20,21,22,23,20,21,22,23,20,21,22,23,20,21,22,23,20,21,22,23,20,21,
24,25,26,27,24,25,26,27,24,25,26,27,24,25,26,27,24,25,26,27,24,25,26,27,24,25,26,27,24,25,26,27,24,25,26,27,24,25,26,27,24,25,26,27,24,25,26,27,24,25,
28,29,30,31,28,29,30,31,28,29,30,31,28,29,30,31,28,29,30,31,28,29,30,31,28,29,30,31,28,29,30,31,28,29,30,31,28,29,30,31,28,29,30,31,28,29,30,31,28,29,
16,17,18,19,16,17,18,19,16,17,18,19,16,17,18,19,16,17,18,19,16,17,18,19,16,17,18,19,16,17,18,19,16,17,18,19,16,17,18,19,16,17,18,19,16,17,18,19,16,17,
20,21,22,23,20,21,22,23,20,21,22,23,20,21,22,23,20,21,22,23,20,21,22,23,20,21,22,23,20,21,22,23,20,21,22,23,20,21,22,23,20,21,22,23,20,21,22,23,20,21,
24,25,26,27,24,25,26,27,24,25,26,27,24,25,26,27,24,25,26,27,24,25,26,27,24,25,26,27,24,25,26,27,24,25,26,27,24,25,26,27,24,25,26,27,24,25,26,27,24,25,
28,29,30,31,28,29,30,31,28,29,30,31,28,29,30,31,28,29,30,31,28,29,30,31,28,29,30,31,28,29,30,31,28,29,30,31,28,29,30,31,28,29,30,31,28,29,30,31,28,29,
16,17,18,19,16,17,18,19,16,17,18,19,16,17,18,19,16,17,18,19,16,17,18,19,16,17,18,19,16,17,18,19,16,17,18,19,16,17,18,19,16,17,18,19,16,17,18,19,16,17,
20,21,22,23,20,21,22,23,20,21,22,23,20,21,22,23,20,21,22,23,20,21,22,23,20,21,22,23,20,21,22,23,20,21,22,23,20,21,22,23,20,21,22,23,20,21,22,23,20,21,
24,25,26,27,24,25,26,27,24,25,26,27,24,25,26,27,24,25,26,27,24,25,26,27,24,25,26,27,24,25,26,27,24,25,26,27,24,25,26,27,24,25,26,27,24,25,26,27,24,25,
28,29,30,31,28,29,30,31,28,29,30,31,28,29,30,31,28,29,30,31,28,29,30,31,28,29,30,31,28,29,30,31,28,29,30,31,28,29,30,31,28,29,30,31,28,29,30,31,28,29,
16,17,18,19,16,17,18,19,16,17,18,19,16,17,18,19,16,17,18,19,16,17,18,19,16,17,18,19,16,17,18,19,16,17,18,19,16,17,18,19,16,17,18,19,16,17,18,19,16,17,
20,21,22,23,20,21,22,23,20,21,22,23,20,21,22,23,20,21,22,23,20,21,22,23,20,21,22,23,20,21,22,23,20,21,22,23,20,21,22,23,20,21,22,23,20,21,22,23,20,21

[layer]
type=object
data=
248,255,255,255,255,250,249,248,249,250,248,254,250,251,248,249,249,253,252,250,250,251,250,0,0,0,0,254,253,251,254,248,248,248,251,252,248,252,254,253,254,251,248,254,255,250,255,255,251,248,
254,252,253,252,249,254,250,255,251,248,249,249,249,248,251,251,249,253,248,255,255,251,253,0,0,0,0,248,248,254,252,252,251,248,251,251,255,255,252,251,248,251,252,249,252,250,248,254,255,253,
248,249,254,249,250,249,255,253,252,253,249,252,250,253,251,255,251,251,255,248,250,249,254,0,0,0,0,250,252,253,254,249,253,253,249,255,251,248,251,250,252,255,253,254,252,252,253,251,252,248,
251,251,254,0,0,0,0,0,0,0,0,0,0,0,0,0,119,0,0,0,0,0,0,0,0,0,0,253,0,0,0,117,0,0,0,0,0,0,0,250,0,253,0,0,0,0,123,249,254,253,
253,249,252,0,0,0,0,0,0,127,0,0,0,0,0,0,119,0,119,0,0,0,0,0,0,0,0,0,0,0,0,0,118,0,0,0,0,0,0,251,248,0,245,248,0,0,0,250,253,248,
251,248,255,121,0,249,0,0,0,0,0,0,115,0,0,0,125,0,0,0,253,255,253,253,0,0,0,250,0,0,0,0,0,0,0,0,0,0,0,0,0,0,250,126,119,0,0,249,254,253,
252,250,250,252,0,0,0,0,0,0,251,249,0,248,0,0,0,0,0,250,254,248,244,251,0,0,0,0,251,0,115,0,0,0,0,0,0,0,0,0,0,0,0,251,249,0,0,250,254,254,
248,248,251,0,248,0,0,0,0,253,249,248,250,248,0,0,0,0,249,255,253,0,251,130,0,0,0,112,248,251,0,122,0,0,0,0,0,0,0,0,0,0,255,0,248,0,0,248,253,249,
255,250,255,251,251,112,0,0,0,251,249,252,0,249,251,0,126,250,251,249,0,244,255,249,0,0,0,248,255,254,0,0,0,0,116,0,0,0,0,0,0,250,249,245,130,0,0,250,255,253,
255,251,251,253,0,0,0,0,0,248,248,0,251,248,250,244,0,249,248,248,0,250,0,250,0,0,0,251,0,113,0,0,0,0,0,0,0,0,0,0,0,249,250,0,0,0,0,248,253,250,
248,255,252,255,0,0,0,0,0,0,248,255,249,249,255,254,248,252,249,250,131,0,249,0,0,0,0,0,0,0,0,0,0,0,116,0,0,252,0,254,255,0,248,126,250,0,0,252,255,251,
252,252,253,0,0,250,0,0,0,0,254,251,131,249,252,254,125,0,251,248,246,0,250,250,0,0,0,0,0,0,0,113,0,0,0,249,0,251,0,129,253,249,0,248,0,0,0,249,249,254,
255,255,252,0,122,0,0,0,250,0,249,253,245,247,0,251,252,0,254,248,249,249,248,245,0,0,0,0,0,0,0,0,122,0,0,0,0,0,0,251,249,247,0,0,0,127,0,250,249,250,
254,255,250,0,0,0,0,0,0,0,249,250,253,255,0,131,249,252,0,0,0,0,0,0,0,0,0,0,0,0,0,0,0,0,0,0,0,0,0,0,0,122,113,0,0,0,113,250,250,248,
254,251,255,113,0,0,0,0,0,248,254,128,251,249,251,252,251,128,244,0,0,0,0,0,0,0,0,0,244,0,0,0,0,0,0,0,0,0,0,0,0,251,119,0,0,0,0,252,250,252,
249,250,253,122,0,0,0,0,0,249,251,248,0,248,255,251,0,246,248,0,0,0,0,0,0,0,0,0,0,126,0,0,0,0,0,0,0,0,0,0,0,0,0,126,0,0,0,249,248,255,
253,249,252,0,0,0,0,0,0,0,0,0,0,0,0,0,0,129,254,0,0,0,0,0,0,0,0,0,0,0,0,0,0,0,0,0,0,123,0,0,0,0,0,0,125,0,0,249,250,255,
248,248,255,0,0,0,121,0,0,0,0,0,0,0,0,129,248,253,244,0,0,0,0,0,0,0,0,0,0,0,0,0,0,0,114,0,0,0,124,0,0,0,0,0,0,0,119,250,249,255,
255,253,255,249,249,0,253,249,251,252,0,0,0,0,0,251,0,0,0,0,0,0,0,0,0,0,0,0,0,0,0,0,0,0,0,0,0,0,0,0,0,0,0,0,0,0,0,252,253,253,
252,253,253,0,248,248,249,245,251,249,0,0,0,0,0,0,0,0,0,0,0,0,0,0,0,0,0,0,0,0,0,0,0,0,0,125,0,0,0,0,113,127,0,249,0,253,116,254,255,249,
248,249,250,0,250,255,248,0,250,248,0,0,0,0,0,0,0,0,0,0,0,0,0,0,0,0,0,0,0,0,0,0,0,0,0,0,0,0,0,0,0,0,249,0,254,0,0,254,252,255,
250,251,249,113,255,248,0,249,0,249,255,0,0,0,0,120,0,0,0,0,0,0,0,0,0,0,0,123,0,0,0,0,0,0,0,0,0,0,0,0,0,0,0,0,250,247,255,250,248,249,
251,249,248,248,251,130,249,250,248,251,250,254,0,126,119,119,121,0,0,120,0,0,0,0,0,0,0,0,0,0,0,0,0,0,249,0,0,0,0,0,0,0,0,251,249,0,0,254,255,255,
255,253,248,0,248,0,0,0,250,251,253,246,0,0,0,127,0,0,0,251,255,249,0,0,0,121,0,0,0,0,0,0,0,112,249,0,0,0,0,0,0,0,0,250,0,0,0,0,0,0,
248,251,252,250,249,0,0,0,0,0,0,0,123,0,0,0,0,0,249,248,249,251,0,0,0,0,0,0,0,0,0,0,0,0,0,0,0,0,0,0,0,0,0,0,0,0,0,0,0,0,
255,249,251,0,253,250,0,0,0,0,0,0,0,0,0,0,0,0,0,0,0,0,0,0,0,0,0,0,0,0,114,0,0,0,0,0,0,0,0,0,0,0,0,0,0,0,0,0,0,0,
252,250,255,0,0,119,0,120,0,0,0,0,254,0,0,0,0,0,120,0,254,251,0,0,119,0,0,0,0,0,0,0,0,0,0,0,0,0,0,0,0,118,0,0,0,0,119,0,0,0,
253,248,252,0,0,0,0,114,113,0,0,0,0,0,118,0,0,0,0,251,0,0,0,0,0,0,0,0,0,122,0,0,250,251,253,128,250,251,0,250,0,255,249,0,0,0,0,250,248,248,
252,250,250,0,0,0,0,0,0,0,0,0,0,0,0,0,112,0,250,0,0,0,0,0,0,0,0,0,0,0,0,0,0,251,127,0,255,255,251,131,250,251,248,0,130,254,250,255,250,251,
249,250,248,0,248,250,0,0,129,0,250,0,0,0,0,0,0,0,0,0,0,0,0,0,0,0,124,0,129,0,0,0,247,251,0,245,249,0,244,248,0,249,0,0,0,252,249,251,249,248,
250,254,254,0,248,0,249,250,0,0,0,0,0,0,0,0,0,0,0,0,0,0,0,0,0,0,0,0,0,0,0,0,0,254,130,0,251,249,248,0,250,0,0,0,252,255,0,249,251,251,
250,254,249,125,0,250,250,250,248,0,126,0,0,0,0,0,0,0,0,0,0,0,0,0,0,0,0,0,0,122,0,0,251,251,0,0,249,246,0,249,251,250,0,253,0,0,0,255,249,254,
248,252,254,114,0,113,249,0,0,112,0,0,0,0,0,0,0,0,0,0,0,0,121,0,0,0,0,127,0,0,252,0,0,0,0,119,248,0,249,0,0,0,251,246,249,250,252,251,248,251,
251,249,252,0,0,119,0,115,0,0,0,116,0,122,0,0,0,0,0,0,0,0,0,0,0,0,0,0,0,0,249,250,250,251,0,248,251,245,0,0,0,0,251,0,245,131,250,255,253,251,
249,252,251,0,0,0,0,0,0,0,0,0,0,0,0,114,0,0,0,0,0,0,0,130,0,0,0,0,0,0,0,0,248,249,0,0,0,0,126,0,0,0,0,251,249,253,250,248,250,251,
249,255,248,0,0,116,0,0,0,0,0,0,0,0,0,0,0,0,0,0,0,0,253,252,250,0,253,0,122,0,0,0,0,0,125,0,0,0,0,0,0,253,253,0,130,245,0,252,248,255,
255,248,253,0,0,0,0,0,0,0,0,0,0,0,0,0,0,0,0,0,0,128,254,0,0,0,0,0,0,0,0,0,0,0,0,0,0,0,0,0,127,0,251,249,249,255,248,255,249,248,
252,254,249,0,0,0,0,0,0,0,0,0,0,0,0,0,0,0,0,123,0,0,120,0,0,0,0,0,115,0,0,0,115,0,0,0,0,117,0,0,0,0,252,252,251,129,255,252,250,249,
251,255,254,0,0,0,0,0,0,0,0,0,0,0,0,0,0,0,0,0,0,0,251,0,0,0,0,0,0,0,0,0,0,0,0,0,0,0,0,0,0,0,255,246,0,248,114,252,252,248,
252,254,255,0,0,0,0,0,0,0,0,0,0,0,0,0,0,0,0,0,245,0,249,0,0,0,0,0,250,0,0,0,0,0,0,0,0,0,0,0,0,0,0,253,0,251,0,249,250,248,
254,249,254,0,113,0,0,0,0,0,0,0,0,0,0,0,0,0,0,0,252,0,0,0,0,0,0,0,251,131,249,121,0,119,0,0,0,114,0,248,0,0,0,126,0,255,244,254,252,248,
248,254,251,122,124,0,0,0,0,0,0,0,0,0,0,0,0,0,0,251,0,0,124,0,0,0,0,0,0,0,0,0,0,120,0,126,0,0,0,0,0,119,248,0,118,0,0,249,253,252,
250,255,253,112,0,0,116,224,0,0,117,0,0,112,0,120,0,0,0,0,251,0,129,251,255,0,250,255,251,255,116,0,0,118,0,0,0,118,0,0,0,0,0,0,0,252,130,254,251,250,
248,249,252,0,117,0,0,0,0,0,0,0,0,0,0,122,113,0,0,0,0,128,252,129,248,249,113,131,249,251,117,115,0,0,0,0,0,0,117,0,0,0,0,0,251,251,0,248,252,248,
248,255,249,0,115,0,0,0,0,0,0,0,0,0,0,0,0,0,0,0,129,255,251,250,247,128,250,131,0,0,0,248,0,0,0,0,0,0,0,0,0,0,0,246,249,251,252,249,255,249,
255,254,250,0,0,0,0,0,0,0,0,0,120,0,0,0,0,0,0,0,126,0,249,247,255,0,0,0,0,0,0,118,112,0,0,0,0,0,0,0,0,255,131,0,0,0,0,253,250,249,
250,250,251,0,0,113,0,0,0,0,0,0,0,0,0,0,0,113,0,0,0,0,119,0,0,0,0,0,0,112,0,0,0,0,0,0,0,0,125,0,0,0,0,0,251,250,246,254,250,253,
251,254,255,249,248,250,0,0,0,251,252,252,248,252,254,251,248,250,251,251,252,249,250,251,255,251,254,255,252,249,251,255,252,253,248,249,249,254,249,251,251,249,253,250,251,250,254,251,253,251,
248,250,249,248,248,253,255,255,253,251,253,248,248,252,249,252,248,249,248,253,254,249,248,252,251,252,252,249,249,251,253,252,253,252,252,250,255,251,250,249,255,255,255,250,253,252,252,251,249,251,
248,252,255,252,251,255,252,249,255,252,249,252,254,252,253,255,255,252,252,251,249,251,250,253,250,252,254,254,248,250,250,251,254,250,252,253,248,249,255,252,252,249,255,255,254,248,252,248,254,252

[layer]
type=collision
data=
1,1,1,1,1,1,1,1,1,1,1,1,1,1,1,1,1,1,1,1,1,1,1,0,0,0,0,1,1,1,1,1,1,1,1,1,1,1,1,1,1,1,1,1,1,1,1,1,1,1,
1,1,1,1,1,1,1,1,1,1,1,1,1,1,1,1,1,1,1,1,1,1,1,0,0,0,0,1,1,1,1,1,1,1,1,1,1,1,1,1,1,1,1,1,1,1,1,1,1,1,
1,1,1,1,1,1,1,1,1,1,1,1,1,1,1,1,1,1,1,1,1,1,1,0,0,0,0,1,1,1,1,1,1,1,1,1,1,1,1,1,1,1,1,1,1,1,1,1,1,1,
1,1,1,0,0,0,0,0,0,0,0,0,0,0,0,0,0,0,0,0,0,0,0,0,0,0,0,1,0,0,0,0,0,0,0,0,0,0,0,1,0,1,0,0,0,0,0,1,1,1,
1,1,1,0,0,0,0,0,0,0,0,0,0,0,0,0,0,0,0,0,0,0,0,0,0,0,0,0,0,0,0,0,0,0,0,0,0,0,0,1,1,0,1,1,0,0,0,1,1,1,
1,1,1,0,0,1,0,0,0,0,0,0,0,0,0,0,0,0,0,0,1,1,1,1,0,0,0,1,0,0,0,0,0,0,0,0,0,0,0,0,0,0,1,0,0,0,0,1,1,1,
1,1,1,1,0,0,0,0,0,0,1,1,0,1,0,0,0,0,0,1,1,1,1,1,0,0,0,0,1,0,0,0,0,0,0,0,0,0,0,0,0,0,0,1,1,0,0,1,1,1,
1,1,1,0,1,0,0,0,0,1,1,1,1,1,0,0,0,0,1,1,1,0,1,2,0,0,0,0,1,1,0,0,0,0,0,0,0,0,0,0,0,0,1,0,1,0,0,1,1,1,
1,1,1,1,1,0,0,0,0,1,1,1,0,1,1,0,0,1,1,1,0,1,1,1,0,0,0,1,1,1,0,0,0,0,0,0,0,0,0,0,0,1,1,1,2,0,0,1,1,1,
1,1,1,1,0,0,0,0,0,1,1,0,1,1,1,1,0,1,1,1,0,1,0,1,0,0,0,1,0,0,0,0,0,0,0,0,0,0,0,0,0,1,1,0,0,0,0,1,1,1,
1,1,1,1,0,0,0,0,0,0,1,1,1,1,1,1,1,1,1,1,2,0,1,0,0,0,0,0,0,0,0,0,0,0,0,0,0,1,0,1,1,0,1,0,1,0,0,1,1,1,
1,1,1,0,0,1,0,0,0,0,1,1,2,1,1,1,0,0,1,1,1,0,1,1,0,0,0,0,0,0,0,0,0,0,0,1,0,1,0,2,1,1,0,1,0,0,0,1,1,1,
1,1,1,0,0,0,0,0,1,0,1,1,1,1,0,1,1,0,1,1,1,1,1,1,0,0,0,0,0,0,0,0,0,0,0,0,0,0,0,1,1,1,0,0,0,0,0,1,1,1,
1,1,1,0,0,0,0,0,0,0,1,1,1,1,0,2,1,1,0,0,0,0,0,0,0,0,0,0,0,0,0,0,0,0,0,0,0,0,0,0,0,0,0,0,0,0,0,1,1,1,
1,1,1,0,0,0,0,0,0,1,1,2,1,1,1,1,1,2,1,0,0,0,0,0,0,0,0,0,1,0,0,0,0,0,0,0,0,0,0,0,0,1,0,0,0,0,0,1,1,1,
1,1,1,0,0,0,0,0,0,1,1,1,0,1,1,1,0,1,1,0,0,0,0,0,0,0,0,0,0,0,0,0,0,0,0,0,0,0,0,0,0,0,0,0,0,0,0,1,1,1,
1,1,1,0,0,0,0,0,0,0,0,0,0,0,0,0,0,2,1,0,0,0,0,0,0,0,0,0,0,0,0,0,0,0,0,0,0,0,0,0,0,0,0,0,0,0,0,1,1,1,
1,1,1,0,0,0,0,0,0,0,0,0,0,0,0,2,1,1,1,0,0,0,0,0,0,0,0,0,0,0,0,0,0,0,0,0,0,0,0,0,0,0,0,0,0,0,0,1,1,1,
1,1,1,1,1,0,1,1,1,1,0,0,0,0,0,1,0,0,0,0,0,0,0,0,0,0,0,0,0,0,0,0,0,0,0,0,0,0,0,0,0,0,0,0,0,0,0,1,1,1,
1,1,1,0,1,1,1,1,1,1,0,0,0,0,0,0,0,0,0,0,0,0,0,0,0,0,0,0,0,0,0,0,0,0,0,0,0,0,0,0,0,0,0,1,0,1,0,1,1,1,
1,1,1,0,1,1,1,0,1,1,0,0,0,0,0,0,0,0,0,0,0,0,0,0,0,0,0,0,0,0,0,0,0,0,0,0,0,0,0,0,0,0,1,0,1,0,0,1,1,1,
1,1,1,0,1,1,0,1,0,1,1,0,0,0,0,0,0,0,0,0,0,0,0,0,0,0,0,0,0,0,0,0,0,0,0,0,0,0,0,0,0,0,0,0,1,1,1,1,1,1,
1,1,1,1,1,2,1,1,1,1,1,1,0,0,0,0,0,0,0,0,0,0,0,0,0,0,0,0,0,0,0,0,0,0,1,0,0,0,0,0,0,0,0,1,1,0,0,1,1,1,
1,1,1,0,1,0,0,0,1,1,1,1,0,0,0,0,0,0,0,1,1,1,0,0,0,0,0,0,0,0,0,0,0,0,1,0,0,0,0,0,0,0,0,1,0,0,0,0,0,0,
1,1,1,1,1,0,0,0,0,0,0,0,0,0,0,0,0,0,1,1,1,1,0,0,0,0,0,0,0,0,0,0,0,0,0,0,0,0,0,0,0,0,0,0,0,0,0,0,0,0,
1,1,1,0,1,1,0,0,0,0,0,0,0,0,0,0,0,0,0,0,0,0,0,0,0,0,0,0,0,0,0,0,0,0,0,0,0,0,0,0,0,0,0,0,0,0,0,0,0,0,
1,1,1,0,0,0,0,0,0,0,0,0,1,0,0,0,0,0,0,0,1,1,0,0,0,0,0,0,0,0,0,0,0,0,0,0,0,0,0,0,0,0,0,0,0,0,0,0,0,0,
1,1,1,0,0,0,0,0,0,0,0,0,0,0,0,0,0,0,0,1,0,0,0,0,0,0,0,0,0,0,0,0,1,1,1,2,1,1,0,1,0,1,1,0,0,0,0,1,1,1,
1,1,1,0,0,0,0,0,0,0,0,0,0,0,0,0,0,0,1,0,0,0,0,0,0,0,0,0,0,0,0,0,0,1,0,0,1,1,1,2,1,1,1,0,2,1,1,1,1,1,
1,1,1,0,1,1,0,0,2,0,1,0,0,0,0,0,0,0,0,0,0,0,0,0,0,0,0,0,2,0,0,0,1,1,0,1,1,0,1,1,0,1,0,0,0,1,1,1,1,1,
1,1,1,0,1,0,1,1,0,0,0,0,0,0,0,0,0,0,0,0,0,0,0,0,0,0,0,0,0,0,0,0,0,1,2,0,1,1,1,0,1,0,0,0,1,1,0,1,1,1,
1,1,1,0,0,1,1,1,1,0,0,0,0,0,0,0,0,0,0,0,0,0,0,0,0,0,0,0,0,0,0,0,1,1,0,0,1,1,0,1,1,1,0,1,0,0,0,1,1,1,
1,1,1,0,0,0,1,0,0,0,0,0,0,0,0,0,0,0,0,0,0,0,0,0,0,0,0,0,0,0,1,0,0,0,0,0,1,0,1,0,0,0,1,1,1,1,1,1,1,1,
1,1,1,0,0,0,0,0,0,0,0,0,0,0,0,0,0,0,0,0,0,0,0,0,0,0,0,0,0,0,1,1,1,1,0,1,1,1,0,0,0,0,1,0,1,2,1,1,1,1,
1,1,1,0,0,0,0,0,0,0,0,0,0,0,0,0,0,0,0,0,0,0,0,2,0,0,0,0,0,0,0,0,1,1,0,0,0,0,0,0,0,0,0,1,1,1,1,1,1,1,
1,1,1,0,0,0,0,0,0,0,0,0,0,0,0,0,0,0,0,0,0,0,1,1,1,0,1,0,0,0,0,0,0,0,0,0,0,0,0,0,0,1,1,0,2,1,0,1,1,1,
1,1,1,0,0,0,0,0,0,0,0,0,0,0,0,0,0,0,0,0,0,2,1,0,0,0,0,0,0,0,0,0,0,0,0,0,0,0,0,0,0,0,1,1,1,1,1,1,1,1,
1,1,1,0,0,0,0,0,0,0,0,0,0,0,0,0,0,0,0,0,0,0,0,0,0,0,0,0,0,0,0,0,0,0,0,0,0,0,0,0,0,0,1,1,1,2,1,1,1,1,
1,1,1,0,0,0,0,0,0,0,0,0,0,0,0,0,0,0,0,0,0,0,1,0,0,0,0,0,0,0,0,0,0,0,0,0,0,0,0,0,0,0,1,1,0,1,0,1,1,1,
1,1,1,0,0,0,0,0,0,0,0,0,0,0,0,0,0,0,0,0,1,0,1,0,0,0,0,0,1,0,0,0,0,0,0,0,0,0,0,0,0,0,0,1,0,1,0,1,1,1,
1,1,1,0,0,0,0,0,0,0,0,0,0,0,0,0,0,0,0,0,1,0,0,0,0,0,0,0,1,2,1,0,0,0,0,0,0,0,0,1,0,0,0,0,0,1,1,1,1,1,
1,1,1,0,0,0,0,0,0,0,0,0,0,0,0,0,0,0,0,1,0,0,0,0,0,0,0,0,0,0,0,0,0,0,0,0,0,0,0,0,0,0,1,0,0,0,0,1,1,1,
1,1,1,0,0,0,0,1,0,0,0,0,0,0,0,0,0,0,0,0,1,0,2,1,1,0,1,1,1,1,0,0,0,0,0,0,0,0,0,0,0,0,0,0,0,1,2,1,1,1,
1,1,1,0,0,0,0,0,0,0,0,0,0,0,0,0,0,0,0,0,0,2,1,2,1,1,0,2,1,1,0,0,0,0,0,0,0,0,0,0,0,0,0,0,1,1,0,1,1,1,
1,1,1,0,0,0,0,0,0,0,0,0,0,0,0,0,0,0,0,0,2,1,1,1,1,2,1,2,0,0,0,1,0,0,0,0,0,0,0,0,0,0,0,1,1,1,1,1,1,1,
1,1,1,0,0,0,0,0,0,0,0,0,0,0,0,0,0,0,0,0,0,0,1,1,1,0,0,0,0,0,0,0,0,0,0,0,0,0,0,0,0,1,2,0,0,0,0,1,1,1,
1,1,1,0,0,0,0,0,0,0,0,0,0,0,0,0,0,0,0,0,0,0,0,0,0,0,0,0,0,0,0,0,0,0,0,0,0,0,0,0,0,0,0,0,1,1,1,1,1,1,
1,1,1,1,1,1,0,0,0,1,1,1,1,1,1,1,1,1,1,1,1,1,1,1,1,1,1,1,1,1,1,1,1,1,1,1,1,1,1,1,1,1,1,1,1,1,1,1,1,1,
1,1,1,1,1,1,1,1,1,1,1,1,1,1,1,1,1,1,1,1,1,1,1,1,1,1,1,1,1,1,1,1,1,1,1,1,1,1,1,1,1,1,1,1,1,1,1,1,1,1,
1,1,1,1,1,1,1,1,1,1,1,1,1,1,1,1,1,1,1,1,1,1,1,1,1,1,1,1,1,1,1,1,1,1,1,1,1,1,1,1,1,1,1,1,1,1,1,1,1,1

[event]
type=event
location=6,43,3,1
activate=on_trigger
hotspot=7,42,1,1
intermap=maps/world/dungeons/bosque_b.txt
tooltip=Toca Goblin

[event]
type=event
# dungeon version 3
location=0,0,1,1
activate=on_load
requires_not_status=rd_dg_bosque_b_v3
set_status=rd_dg_bosque_b_f1_reset,rd_dg_bosque_b_v3

[event]
type=event
# back from the dungeon
location=7,45,1,1
intermap_id=rd_cave

[event]
type=event
# to arcano_b
location=23,0,4,1
activate=on_trigger
hotspot=location
intermap=maps/world/arcano_b.txt,25,45
tooltip=Jardins Proibidos

[event]
type=event
# to bosque_a
location=49,23,1,4
activate=on_trigger
hotspot=location
intermap=maps/world/bosque_a.txt,4,25
tooltip=Trilha das Sombras


[enemy]
type=enemy
location=33,14,3,3
category=rd_goblin_spearman
number=2,3
spawn_level=fixed,4

[enemy]
type=enemy
location=15,30,3,3
category=rd_goblin_warrior
number=2,3
spawn_level=fixed,4

[enemy]
type=enemy
location=11,17,3,3
category=rd_giant_spider
number=2,3
spawn_level=fixed,5

[enemy]
type=enemy
location=33,36,3,3
category=rd_goblin
number=2,3
spawn_level=fixed,4

[enemy]
type=enemy
location=37,22,3,3
category=rd_goblin_firedancer
number=1,2
spawn_level=fixed,6

[enemy]
type=enemy
location=24,38,3,3
category=rd_goblin_sergeant
number=1,2
spawn_level=fixed,4

[enemy]
type=enemy
location=7,25,3,3
category=rd_goblin_guardian
number=2,3
spawn_level=fixed,4

[enemy]
type=enemy
location=20,14,3,3
category=rd_goblin_beastlord
number=2,4
spawn_level=fixed,5

[enemy]
type=enemy
# boss (stays dead until the hero visits a town)
location=38,7,1,1
category=rd_goblin_king
number=1
spawn_level=fixed,8
requires_not_status=rd_boss_down_rd_goblin_king
