# GENERATED by tools/gen_world.py from tools/world/*.csv -- edit those, not this file.
# Trilha das Sombras | região: Bosque Sombrio (Goblins) | bioma: darkwood | nível 2-5

[header]
width=50
height=50
tilewidth=192
tileheight=96
orientation=isometric
background_color=0,0,0,255
hero_pos=25,4
music=music/forest_theme.ogg
tileset=tilesetdefs/rd_darkwood.txt
title=Trilha das Sombras — Bosque Sombrio

[layer]
type=background
data=
16,17,18,19,16,17,18,19,16,17,18,19,16,17,18,19,16,17,18,19,16,17,18,19,16,17,18,19,16,17,18,19,16,17,18,19,16,17,18,19,16,17,18,19,16,17,18,19,16,17,
20,21,22,23,20,21,22,23,20,21,22,23,20,21,22,23,20,21,22,23,20,21,22,23,20,21,22,23,20,21,22,23,20,21,22,23,20,21,22,23,20,21,22,23,20,21,22,23,20,21,
24,25,26,27,24,25,26,27,24,25,26,27,24,25,26,27,24,25,26,27,24,25,26,27,24,25,26,27,24,25,26,27,24,25,26,27,24,25,26,27,24,25,26,27,24,25,26,27,24,25,
28,29,30,31,28,29,30,31,28,29,30,31,28,29,30,31,28,29,30,31,28,29,30,31,28,29,30,31,28,29,30,31,28,29,30,31,28,29,30,31,28,29,30,31,28,29,30,31,28,29,
16,17,18,19,16,17,18,19,16,17,18,19,16,17,18,19,16,17,18,19,16,17,18,19,16,17,18,19,16,17,18,19,16,17,18,19,16,17,18,19,16,17,18,19,16,17,18,19,16,17,
20,21,22,23,20,21,22,23,20,21,22,23,20,21,22,23,20,21,22,23,20,21,22,23,20,21,22,23,20,21,22,23,20,21,22,23,20,21,22,23,20,21,22,23,20,21,22,23,20,21,
24,25,26,27,24,25,26,27,24,25,26,27,24,25,26,27,24,25,26,27,24,25,26,27,24,25,26,27,24,25,26,27,24,25,26,27,24,25,26,27,24,25,26,27,24,25,26,27,24,25,
28,29,30,31,28,29,30,31,28,29,30,31,28,29,30,31,28,29,30,31,28,29,30,31,28,29,30,31,28,29,30,31,28,29,30,31,28,29,30,31,28,29,30,31,28,29,30,31,28,29,
16,17,18,19,16,17,18,19,16,17,18,19,16,17,18,19,16,17,18,19,16,17,18,19,16,17,18,19,16,17,18,19,16,17,18,19,16,17,18,19,16,17,18,19,16,17,18,19,16,17,
20,21,22,23,20,21,22,23,20,21,22,23,20,21,22,23,20,21,22,23,20,21,22,23,20,21,22,23,20,21,22,23,20,21,22,23,20,21,22,23,20,21,22,23,20,21,22,23,20,21,
24,25,26,27,24,25,26,27,24,25,26,27,24,25,26,27,24,25,26,27,24,25,26,27,24,25,26,27,24,25,26,27,24,25,26,27,24,25,26,27,24,25,26,27,24,25,26,27,24,25,
28,29,30,31,28,29,30,31,28,29,30,31,28,29,30,31,28,29,30,31,28,29,30,31,28,29,30,31,28,29,30,31,28,29,30,31,28,29,30,31,28,29,30,31,28,29,30,31,28,29,
16,17,18,19,16,17,18,19,16,17,18,19,16,17,18,19,16,17,18,19,16,17,18,19,16,17,18,19,16,17,18,19,16,17,18,19,16,17,18,19,16,17,18,19,16,17,18,19,16,17,
20,21,22,23,20,21,22,23,20,21,22,23,20,21,22,23,20,21,22,23,20,21,22,23,20,21,22,23,20,21,22,23,20,21,22,23,20,21,22,23,20,21,22,23,20,21,22,23,20,21,
24,25,26,27,24,25,26,27,24,25,26,27,24,25,26,27,24,25,26,27,24,25,26,27,24,25,26,27,24,25,26,27,24,25,26,27,24,25,26,27,24,25,26,27,24,25,26,27,24,25,
28,29,30,31,28,29,30,31,28,29,30,31,28,29,30,31,28,29,30,31,28,29,30,31,28,29,30,31,28,29,30,31,28,29,30,31,28,29,30,31,28,29,30,31,28,29,30,31,28,29,
16,17,18,19,16,17,18,19,16,17,18,19,16,17,18,19,16,17,18,19,16,17,18,19,16,17,18,19,16,17,18,19,16,17,18,19,16,17,18,19,16,17,18,19,16,17,18,19,16,17,
20,21,22,23,20,21,22,23,20,21,22,23,20,21,22,23,20,21,22,23,20,21,22,23,20,21,22,23,20,21,22,23,20,21,22,23,20,21,22,23,20,21,22,23,20,21,22,23,20,21,
24,25,26,27,24,25,26,27,24,25,26,27,24,25,26,27,24,25,26,27,24,25,26,27,24,25,26,27,24,25,26,27,24,25,26,27,24,25,26,27,24,25,26,27,24,25,26,27,24,25,
28,29,30,31,28,29,30,31,28,29,30,31,28,29,30,31,28,29,30,31,28,29,30,31,28,29,30,31,28,29,30,31,28,29,30,31,28,29,30,31,28,29,30,31,28,29,30,31,28,29,
16,17,18,19,16,17,18,19,16,17,18,19,16,17,18,19,16,17,18,19,16,17,18,19,16,17,18,19,16,17,18,19,16,17,18,19,16,17,18,19,16,17,18,19,16,17,18,19,16,17,
20,21,22,23,20,21,22,23,20,21,22,23,20,21,22,23,20,21,22,23,20,21,22,23,20,21,22,23,20,21,22,23,20,21,22,23,20,21,22,23,20,21,22,23,20,21,22,23,20,21,
24,25,26,27,24,25,26,27,24,25,26,27,24,25,26,27,24,25,26,27,24,25,26,27,24,25,26,27,24,25,26,27,24,25,26,27,24,25,26,27,24,25,26,27,24,25,26,27,24,25,
28,29,30,31,28,29,30,31,28,29,30,31,28,29,30,31,28,29,30,31,28,29,30,31,28,29,30,31,28,29,30,31,28,29,30,31,28,29,30,31,28,29,30,31,28,29,30,31,28,29,
16,17,18,19,16,17,18,19,16,17,18,19,16,17,18,19,16,17,18,19,16,17,18,19,16,17,18,19,16,17,18,19,16,17,18,19,16,17,18,19,16,17,18,19,16,17,18,19,16,17,
20,21,22,23,20,21,22,23,20,21,22,23,20,21,22,23,20,21,22,23,20,21,22,23,20,21,22,23,20,21,22,23,20,21,22,23,20,21,22,23,20,21,22,23,20,21,22,23,20,21,
24,25,26,27,24,25,26,27,24,25,26,27,24,25,26,27,24,25,26,27,24,25,26,27,24,25,26,27,24,25,26,27,24,25,26,27,24,25,26,27,24,25,26,27,24,25,26,27,24,25,
28,29,30,31,28,29,30,31,28,29,30,31,28,29,30,31,28,29,30,31,28,29,30,31,28,29,30,31,28,29,30,31,28,29,30,31,28,29,30,31,28,29,30,31,28,29,30,31,28,29,
16,17,18,19,16,17,18,19,16,17,18,19,16,17,18,19,16,17,18,19,16,17,18,19,16,17,18,19,16,17,18,19,16,17,18,19,16,17,18,19,16,17,18,19,16,17,18,19,16,17,
20,21,22,23,20,21,22,23,20,21,22,23,20,21,22,23,20,21,22,23,20,21,22,23,20,21,22,23,20,21,22,23,20,21,22,23,20,21,22,23,20,21,22,23,20,21,22,23,20,21,
24,25,26,27,24,25,26,27,24,25,26,27,24,25,26,27,24,25,26,27,24,25,26,27,24,25,26,27,24,25,26,27,24,25,26,27,24,25,26,27,24,25,26,27,24,25,26,27,24,25,
28,29,30,31,28,29,30,31,28,29,30,31,28,29,30,31,28,29,30,31,28,29,30,31,28,29,30,31,28,29,30,31,28,29,30,31,28,29,30,31,28,29,30,31,28,29,30,31,28,29,
16,17,18,19,16,17,18,19,16,17,18,19,16,17,18,19,16,17,18,19,16,17,18,19,16,17,18,19,16,17,18,19,16,17,18,19,16,17,18,19,16,17,18,19,16,17,18,19,16,17,
20,21,22,23,20,21,22,23,20,21,22,23,20,21,22,23,20,21,22,23,20,21,22,23,20,21,22,23,20,21,22,23,20,21,22,23,20,21,22,23,20,21,22,23,20,21,22,23,20,21,
24,25,26,27,24,25,26,27,24,25,26,27,24,25,26,27,24,25,26,27,24,25,26,27,24,25,26,27,24,25,26,27,24,25,26,27,24,25,26,27,24,25,26,27,24,25,26,27,24,25,
28,29,30,31,28,29,30,31,28,29,30,31,28,29,30,31,28,29,30,31,28,29,30,31,28,29,30,31,28,29,30,31,28,29,30,31,28,29,30,31,28,29,30,31,28,29,30,31,28,29,
16,17,18,19,16,17,18,19,16,17,18,19,16,17,18,19,16,17,18,19,16,17,18,19,16,17,18,19,16,17,18,19,16,17,18,19,16,17,18,19,16,17,18,19,16,17,18,19,16,17,
20,21,22,23,20,21,22,23,20,21,22,23,20,21,22,23,20,21,22,23,20,21,22,23,20,21,22,23,20,21,22,23,20,21,22,23,20,21,22,23,20,21,22,23,20,21,22,23,20,21,
24,25,26,27,24,25,26,27,24,25,26,27,24,25,26,27,24,25,26,27,24,25,26,27,24,25,26,27,24,25,26,27,24,25,26,27,24,25,26,27,24,25,26,27,24,25,26,27,24,25,
28,29,30,31,28,29,30,31,28,29,30,31,28,29,30,31,28,29,30,31,28,29,30,31,28,29,30,31,28,29,30,31,28,29,30,31,28,29,30,31,28,29,30,31,28,29,30,31,28,29,
16,17,18,19,16,17,18,19,16,17,18,19,16,17,18,19,16,17,18,19,16,17,18,19,16,17,18,19,16,17,18,19,16,17,18,19,16,17,18,19,16,17,18,19,16,17,18,19,16,17,
20,21,22,23,20,21,22,23,20,21,22,23,20,21,22,23,20,21,22,23,20,21,22,23,20,21,22,23,20,21,22,23,20,21,22,23,20,21,22,23,20,21,22,23,20,21,22,23,20,21,
24,25,26,27,24,25,26,27,24,25,26,27,24,25,26,27,24,25,26,27,24,25,26,27,24,25,26,27,24,25,26,27,24,25,26,27,24,25,26,27,24,25,26,27,24,25,26,27,24,25,
28,29,30,31,28,29,30,31,28,29,30,31,28,29,30,31,28,29,30,31,28,29,30,31,28,29,30,31,28,29,30,31,28,29,30,31,28,29,30,31,28,29,30,31,28,29,30,31,28,29,
16,17,18,19,16,17,18,19,16,17,18,19,16,17,18,19,16,17,18,19,16,17,18,19,16,17,18,19,16,17,18,19,16,17,18,19,16,17,18,19,16,17,18,19,16,17,18,19,16,17,
20,21,22,23,20,21,22,23,20,21,22,23,20,21,22,23,20,21,22,23,20,21,22,23,20,21,22,23,20,21,22,23,20,21,22,23,20,21,22,23,20,21,22,23,20,21,22,23,20,21,
24,25,26,27,24,25,26,27,24,25,26,27,24,25,26,27,24,25,26,27,24,25,26,27,24,25,26,27,24,25,26,27,24,25,26,27,24,25,26,27,24,25,26,27,24,25,26,27,24,25,
28,29,30,31,28,29,30,31,28,29,30,31,28,29,30,31,28,29,30,31,28,29,30,31,28,29,30,31,28,29,30,31,28,29,30,31,28,29,30,31,28,29,30,31,28,29,30,31,28,29,
16,17,18,19,16,17,18,19,16,17,18,19,16,17,18,19,16,17,18,19,16,17,18,19,16,17,18,19,16,17,18,19,16,17,18,19,16,17,18,19,16,17,18,19,16,17,18,19,16,17,
20,21,22,23,20,21,22,23,20,21,22,23,20,21,22,23,20,21,22,23,20,21,22,23,20,21,22,23,20,21,22,23,20,21,22,23,20,21,22,23,20,21,22,23,20,21,22,23,20,21

[layer]
type=object
data=
251,250,249,255,248,253,253,249,255,253,255,250,251,249,249,248,251,248,255,248,250,250,255,0,0,0,0,253,252,249,248,251,254,248,249,254,255,249,254,248,255,254,250,249,250,254,249,251,248,255,
250,248,252,255,250,248,248,254,254,254,255,251,255,253,249,255,248,251,249,248,253,253,253,0,0,0,0,251,249,252,250,251,249,248,253,252,254,248,254,252,255,252,250,251,249,253,254,255,248,253,
253,255,251,254,254,249,248,252,255,252,253,248,249,255,251,250,254,250,251,250,252,251,248,0,0,0,0,253,254,255,253,249,252,248,250,248,249,253,254,252,254,254,252,252,254,255,251,248,250,249,
252,253,248,0,0,0,0,0,0,0,0,0,0,0,0,0,0,0,0,0,252,249,249,0,0,0,0,0,0,0,0,0,0,0,0,0,118,0,0,0,115,0,250,0,0,251,253,254,254,253,
249,250,255,0,0,0,126,0,0,0,0,0,0,0,0,0,0,0,0,0,251,253,0,0,0,0,0,0,0,0,0,0,0,0,0,0,0,0,120,0,0,0,0,251,249,0,251,254,249,252,
254,250,250,0,0,0,0,0,0,0,0,0,0,116,0,0,0,0,251,251,0,249,248,255,0,0,0,0,0,0,0,0,0,0,0,0,0,254,0,0,0,0,0,251,250,251,247,251,253,250,
251,249,252,128,0,114,0,0,0,0,0,120,121,0,0,0,112,248,245,245,244,248,0,253,0,0,0,0,0,0,0,0,0,0,0,248,0,0,0,0,0,127,0,252,128,253,245,248,254,254,
251,255,248,248,130,0,0,122,0,0,0,0,0,0,0,0,0,252,255,249,254,130,254,0,0,0,0,0,0,0,245,0,120,0,0,0,129,252,251,0,0,0,0,0,121,247,250,253,255,250,
248,249,254,131,249,254,0,0,0,255,250,248,0,252,245,245,0,251,0,0,246,250,253,0,0,0,0,0,0,0,0,251,0,0,0,0,0,0,0,0,0,0,0,0,0,0,0,250,255,253,
255,249,255,0,250,0,248,0,0,252,245,251,255,255,252,246,250,249,250,131,123,117,251,254,0,0,0,0,0,0,129,0,0,0,0,249,0,0,0,0,0,0,0,0,0,117,0,249,250,251,
250,248,250,117,0,0,249,249,129,0,0,252,249,250,0,255,248,250,249,251,248,0,252,0,0,0,0,0,0,0,0,0,0,0,0,0,0,0,0,0,0,0,0,0,0,0,0,251,250,255,
253,254,251,0,254,0,249,129,253,254,254,0,0,251,248,253,0,253,128,249,123,254,250,249,0,0,0,0,0,0,0,0,0,0,0,0,0,0,0,0,0,125,0,0,0,0,0,251,252,250,
253,255,249,248,255,0,255,254,255,252,253,250,254,251,249,114,250,131,0,0,254,245,252,0,125,0,0,0,0,0,0,0,0,0,0,0,0,0,0,0,0,0,118,0,0,119,0,252,249,252,
253,252,252,129,251,0,129,0,0,253,0,253,0,251,0,128,251,0,249,251,0,128,0,0,0,0,0,0,0,0,0,0,0,0,0,0,0,0,0,0,0,0,0,0,0,0,0,251,255,253,
251,248,250,0,249,249,248,0,0,131,120,0,250,250,255,0,250,0,131,249,130,0,0,0,0,0,0,0,0,0,0,0,0,0,0,0,0,0,0,120,0,0,0,126,0,0,0,250,254,253,
248,250,249,251,248,249,251,248,0,248,248,250,249,252,253,249,0,0,249,130,249,248,0,0,0,0,0,0,126,0,0,0,0,0,0,0,0,0,0,0,0,114,0,0,0,0,0,248,252,249,
250,249,252,252,254,250,248,250,244,0,250,253,251,249,248,245,0,0,0,246,248,0,0,0,0,0,0,0,0,0,0,0,0,0,0,0,0,0,0,0,0,112,0,0,0,0,0,252,248,248,
253,255,252,249,0,255,121,0,0,0,0,248,244,253,255,249,248,0,0,255,248,0,0,0,0,0,0,115,0,0,128,0,0,0,0,0,125,0,0,0,0,0,0,0,0,0,0,249,248,254,
253,249,252,0,112,0,0,0,123,0,0,0,255,250,0,0,251,248,254,0,122,0,0,0,0,0,0,0,127,0,131,129,0,0,123,0,0,0,0,0,0,0,0,0,0,0,0,249,251,250,
249,249,249,0,0,0,0,0,0,0,0,254,249,253,248,251,250,250,0,0,0,0,114,0,0,0,0,0,115,0,0,0,0,0,0,0,122,0,0,0,0,0,0,0,113,0,0,251,251,252,
255,255,253,0,0,0,0,0,0,114,0,247,253,249,248,255,250,251,249,0,0,0,0,0,0,0,0,127,0,0,0,0,0,0,0,126,0,0,0,0,0,0,118,0,0,0,0,250,252,253,
250,250,248,254,250,128,255,0,0,118,0,248,252,0,0,254,112,0,0,249,250,0,0,0,0,0,0,0,0,249,0,0,0,0,0,0,0,0,0,0,0,0,124,118,0,0,0,248,254,254,
249,251,253,0,248,128,248,0,255,125,0,247,254,248,252,0,251,131,248,0,0,119,0,0,0,0,0,0,0,0,0,0,0,0,0,0,0,0,0,0,0,0,0,0,0,118,0,254,254,249,
0,0,0,0,0,253,131,0,251,129,0,0,251,0,255,0,251,250,0,0,0,0,0,0,0,0,0,0,0,0,0,0,0,0,0,0,0,0,0,0,0,117,0,0,0,0,0,0,0,0,
0,0,0,0,0,0,0,0,0,0,0,0,0,0,0,0,0,0,0,0,0,0,0,0,0,0,0,0,0,0,0,0,0,0,0,0,0,0,0,0,0,0,0,0,0,0,0,0,0,0,
0,0,0,0,0,0,0,0,0,0,0,0,0,0,0,0,0,0,0,0,0,0,0,0,0,0,0,0,0,0,0,0,0,0,0,0,0,0,0,0,0,0,0,0,0,0,0,0,0,0,
0,0,0,0,0,0,0,0,0,0,0,0,0,0,0,0,0,0,0,0,0,0,0,0,0,0,0,0,0,0,0,0,0,0,0,0,0,0,0,0,0,0,0,0,0,0,0,0,0,0,
251,252,250,252,0,0,252,0,249,0,254,252,0,0,0,0,0,0,0,0,0,126,0,113,0,0,0,0,0,0,0,0,0,0,0,0,0,0,0,0,0,0,0,0,0,0,0,248,254,248,
252,253,250,0,0,250,254,248,251,0,128,0,0,0,0,0,0,0,0,0,0,0,0,0,126,0,0,0,0,0,113,0,0,0,0,0,0,0,0,0,0,0,0,0,0,0,0,253,252,253,
254,251,253,0,0,247,249,250,251,0,255,0,0,0,0,0,0,0,0,0,0,0,0,0,0,123,0,0,0,0,0,0,116,250,0,0,0,0,0,0,0,0,0,0,0,0,0,254,254,249,
250,250,255,0,250,0,249,248,252,248,0,0,0,0,0,0,0,0,0,0,0,0,0,0,0,0,0,0,0,0,0,0,0,0,0,117,0,0,0,123,255,0,0,0,0,0,0,252,252,252,
252,254,249,129,252,0,0,0,0,0,0,0,0,0,0,0,0,0,0,0,0,0,0,0,0,0,0,0,0,0,0,116,0,0,0,0,0,0,0,0,0,0,0,0,119,0,0,251,248,251,
255,251,250,126,0,0,0,0,0,0,0,0,120,0,0,0,250,0,0,0,0,0,113,0,0,0,0,0,0,0,0,0,0,0,0,0,0,0,0,0,0,0,0,0,114,0,0,254,252,252,
251,248,253,0,251,251,249,0,0,252,0,124,0,0,0,0,0,0,0,0,113,0,119,113,0,0,0,0,0,0,0,0,0,0,0,0,0,0,0,0,0,0,0,0,0,0,0,248,248,254,
253,252,248,0,0,0,0,0,0,0,0,0,250,249,0,0,0,116,0,0,0,0,0,121,0,0,0,0,0,127,112,0,0,0,0,0,0,0,0,0,0,0,0,0,0,0,0,251,251,251,
252,250,251,250,0,0,0,0,0,115,0,0,0,251,0,0,0,0,0,115,0,0,0,0,0,0,0,0,0,0,0,0,0,0,0,0,248,0,0,0,0,0,0,0,0,0,0,248,254,250,
252,249,249,248,0,0,118,0,0,0,0,0,0,0,0,0,0,0,122,0,0,0,0,126,0,0,0,0,0,0,0,0,0,0,0,0,0,0,0,0,120,0,0,0,0,0,0,255,249,253,
252,253,253,0,0,0,0,123,0,0,0,0,0,254,118,249,131,250,0,0,0,0,0,0,0,0,0,0,0,0,0,0,0,0,0,0,0,0,0,115,0,0,0,0,0,0,0,248,255,248,
254,248,254,0,0,0,0,0,0,0,0,0,0,130,248,255,0,253,251,251,254,250,0,252,0,0,0,0,0,0,0,0,0,0,0,247,0,0,0,0,0,0,0,0,244,254,0,248,251,255,
255,252,252,0,0,0,0,0,0,0,0,0,0,0,248,250,0,0,124,255,245,249,247,128,255,0,0,0,0,118,0,0,0,0,0,0,0,0,0,0,0,0,119,252,0,250,114,249,248,253,
252,250,248,0,0,0,0,0,0,0,0,0,251,248,248,246,0,252,249,126,0,250,113,251,250,252,0,0,0,0,0,0,0,127,0,0,0,0,0,0,0,0,0,248,251,248,0,248,252,249,
255,252,251,0,0,0,0,114,0,0,127,0,0,251,248,248,130,251,255,124,253,0,0,0,0,0,0,0,0,0,0,0,0,0,0,0,0,0,0,0,0,113,0,0,249,249,250,253,255,253,
255,253,249,0,0,0,0,0,0,0,0,251,251,253,248,250,248,250,113,250,244,128,0,248,249,248,0,0,0,0,0,0,0,0,0,0,0,0,115,0,0,0,0,0,251,129,250,248,253,253,
254,252,250,113,0,0,0,0,0,0,0,250,248,0,248,130,0,250,248,0,128,130,254,253,244,0,249,249,113,0,0,0,0,0,0,0,249,0,0,0,0,0,0,0,0,0,0,249,248,253,
250,252,251,0,0,0,124,0,0,0,253,250,0,254,252,249,254,0,245,251,248,250,250,0,249,251,252,0,245,118,0,0,0,0,0,0,122,0,0,0,0,127,0,0,0,0,0,250,249,248,
248,250,252,0,0,248,0,0,0,251,0,253,249,0,249,130,248,0,0,249,248,0,250,0,0,250,129,0,248,248,252,0,0,0,0,0,0,0,0,0,0,0,0,0,0,0,0,253,252,255,
248,252,254,0,0,0,0,0,253,250,250,0,248,0,254,244,0,253,250,0,0,0,251,247,249,254,252,252,130,253,255,0,0,116,0,0,0,0,0,0,0,0,0,115,0,0,0,252,255,251,
255,253,249,248,254,249,249,249,248,250,255,251,252,248,251,250,253,249,255,248,249,253,252,252,248,248,251,251,253,249,251,253,248,249,251,250,252,251,248,248,252,254,248,253,249,250,254,255,255,252,
249,250,254,254,254,250,253,253,252,250,254,255,248,255,254,255,253,255,251,254,252,248,252,249,253,249,251,255,248,254,249,249,252,251,249,250,248,253,249,249,248,252,255,250,248,248,248,254,248,251,
250,253,248,248,249,248,253,254,248,248,255,248,248,248,248,252,250,248,251,248,255,248,251,254,252,251,252,251,249,248,255,250,251,254,249,253,249,249,252,255,249,254,255,254,254,251,250,249,253,249

[layer]
type=collision
data=
1,1,1,1,1,1,1,1,1,1,1,1,1,1,1,1,1,1,1,1,1,1,1,0,0,0,0,1,1,1,1,1,1,1,1,1,1,1,1,1,1,1,1,1,1,1,1,1,1,1,
1,1,1,1,1,1,1,1,1,1,1,1,1,1,1,1,1,1,1,1,1,1,1,0,0,0,0,1,1,1,1,1,1,1,1,1,1,1,1,1,1,1,1,1,1,1,1,1,1,1,
1,1,1,1,1,1,1,1,1,1,1,1,1,1,1,1,1,1,1,1,1,1,1,0,0,0,0,1,1,1,1,1,1,1,1,1,1,1,1,1,1,1,1,1,1,1,1,1,1,1,
1,1,1,0,0,0,0,0,0,0,0,0,0,0,0,0,0,0,0,0,1,1,1,0,0,0,0,0,0,0,0,0,0,0,0,0,0,0,0,0,0,0,1,0,0,1,1,1,1,1,
1,1,1,0,0,0,0,0,0,0,0,0,0,0,0,0,0,0,0,0,1,1,0,0,0,0,0,0,0,0,0,0,0,0,0,0,0,0,0,0,0,0,0,1,1,0,1,1,1,1,
1,1,1,0,0,0,0,0,0,0,0,0,0,0,0,0,0,0,1,1,0,1,1,1,0,0,0,0,0,0,0,0,0,0,0,0,0,1,0,0,0,0,0,1,1,1,1,1,1,1,
1,1,1,2,0,0,0,0,0,0,0,0,0,0,0,0,0,1,1,1,1,1,0,1,0,0,0,0,0,0,0,0,0,0,0,1,0,0,0,0,0,0,0,1,2,1,1,1,1,1,
1,1,1,1,2,0,0,0,0,0,0,0,0,0,0,0,0,1,1,1,1,2,1,0,0,0,0,0,0,0,1,0,0,0,0,0,2,1,1,0,0,0,0,0,0,1,1,1,1,1,
1,1,1,2,1,1,0,0,0,1,1,1,0,1,1,1,0,1,0,0,1,1,1,0,0,0,0,0,0,0,0,1,0,0,0,0,0,0,0,0,0,0,0,0,0,0,0,1,1,1,
1,1,1,0,1,0,1,0,0,1,1,1,1,1,1,1,1,1,1,2,0,0,1,1,0,0,0,0,0,0,2,0,0,0,0,1,0,0,0,0,0,0,0,0,0,0,0,1,1,1,
1,1,1,0,0,0,1,1,2,0,0,1,1,1,0,1,1,1,1,1,1,0,1,0,0,0,0,0,0,0,0,0,0,0,0,0,0,0,0,0,0,0,0,0,0,0,0,1,1,1,
1,1,1,0,1,0,1,2,1,1,1,0,0,1,1,1,0,1,2,1,0,1,1,1,0,0,0,0,0,0,0,0,0,0,0,0,0,0,0,0,0,0,0,0,0,0,0,1,1,1,
1,1,1,1,1,0,1,1,1,1,1,1,1,1,1,0,1,2,0,0,1,1,1,0,0,0,0,0,0,0,0,0,0,0,0,0,0,0,0,0,0,0,0,0,0,0,0,1,1,1,
1,1,1,2,1,0,2,0,0,1,0,1,0,1,0,2,1,0,1,1,0,2,0,0,0,0,0,0,0,0,0,0,0,0,0,0,0,0,0,0,0,0,0,0,0,0,0,1,1,1,
1,1,1,0,1,1,1,0,0,2,0,0,1,1,1,0,1,0,2,1,2,0,0,0,0,0,0,0,0,0,0,0,0,0,0,0,0,0,0,0,0,0,0,0,0,0,0,1,1,1,
1,1,1,1,1,1,1,1,0,1,1,1,1,1,1,1,0,0,1,2,1,1,0,0,0,0,0,0,0,0,0,0,0,0,0,0,0,0,0,0,0,0,0,0,0,0,0,1,1,1,
1,1,1,1,1,1,1,1,1,0,1,1,1,1,1,1,0,0,0,1,1,0,0,0,0,0,0,0,0,0,0,0,0,0,0,0,0,0,0,0,0,0,0,0,0,0,0,1,1,1,
1,1,1,1,0,1,0,0,0,0,0,1,1,1,1,1,1,0,0,1,1,0,0,0,0,0,0,0,0,0,2,0,0,0,0,0,0,0,0,0,0,0,0,0,0,0,0,1,1,1,
1,1,1,0,0,0,0,0,0,0,0,0,1,1,0,0,1,1,1,0,0,0,0,0,0,0,0,0,0,0,2,2,0,0,0,0,0,0,0,0,0,0,0,0,0,0,0,1,1,1,
1,1,1,0,0,0,0,0,0,0,0,1,1,1,1,1,1,1,0,0,0,0,0,0,0,0,0,0,0,0,0,0,0,0,0,0,0,0,0,0,0,0,0,0,0,0,0,1,1,1,
1,1,1,0,0,0,0,0,0,0,0,1,1,1,1,1,1,1,1,0,0,0,0,0,0,0,0,0,0,0,0,0,0,0,0,0,0,0,0,0,0,0,0,0,0,0,0,1,1,1,
1,1,1,1,1,2,1,0,0,0,0,1,1,0,0,1,0,0,0,1,1,0,0,0,0,0,0,0,0,1,0,0,0,0,0,0,0,0,0,0,0,0,0,0,0,0,0,1,1,1,
1,1,1,0,1,2,1,0,1,0,0,1,1,1,1,0,1,2,1,0,0,0,0,0,0,0,0,0,0,0,0,0,0,0,0,0,0,0,0,0,0,0,0,0,0,0,0,1,1,1,
0,0,0,0,0,1,2,0,1,2,0,0,1,0,1,0,1,1,0,0,0,0,0,0,0,0,0,0,0,0,0,0,0,0,0,0,0,0,0,0,0,0,0,0,0,0,0,0,0,0,
0,0,0,0,0,0,0,0,0,0,0,0,0,0,0,0,0,0,0,0,0,0,0,0,0,0,0,0,0,0,0,0,0,0,0,0,0,0,0,0,0,0,0,0,0,0,0,0,0,0,
0,0,0,0,0,0,0,0,0,0,0,0,0,0,0,0,0,0,0,0,0,0,0,0,0,0,0,0,0,0,0,0,0,0,0,0,0,0,0,0,0,0,0,0,0,0,0,0,0,0,
0,0,0,0,0,0,0,0,0,0,0,0,0,0,0,0,0,0,0,0,0,0,0,0,0,0,0,0,0,0,0,0,0,0,0,0,0,0,0,0,0,0,0,0,0,0,0,0,0,0,
1,1,1,1,0,0,1,0,1,0,1,1,0,0,0,0,0,0,0,0,0,0,0,0,0,0,0,0,0,0,0,0,0,0,0,0,0,0,0,0,0,0,0,0,0,0,0,1,1,1,
1,1,1,0,0,1,1,1,1,0,2,0,0,0,0,0,0,0,0,0,0,0,0,0,0,0,0,0,0,0,0,0,0,0,0,0,0,0,0,0,0,0,0,0,0,0,0,1,1,1,
1,1,1,0,0,1,1,1,1,0,1,0,0,0,0,0,0,0,0,0,0,0,0,0,0,0,0,0,0,0,0,0,0,1,0,0,0,0,0,0,0,0,0,0,0,0,0,1,1,1,
1,1,1,0,1,0,1,1,1,1,0,0,0,0,0,0,0,0,0,0,0,0,0,0,0,0,0,0,0,0,0,0,0,0,0,0,0,0,0,0,1,0,0,0,0,0,0,1,1,1,
1,1,1,2,1,0,0,0,0,0,0,0,0,0,0,0,0,0,0,0,0,0,0,0,0,0,0,0,0,0,0,0,0,0,0,0,0,0,0,0,0,0,0,0,0,0,0,1,1,1,
1,1,1,0,0,0,0,0,0,0,0,0,0,0,0,0,1,0,0,0,0,0,0,0,0,0,0,0,0,0,0,0,0,0,0,0,0,0,0,0,0,0,0,0,0,0,0,1,1,1,
1,1,1,0,1,1,1,0,0,1,0,0,0,0,0,0,0,0,0,0,0,0,0,0,0,0,0,0,0,0,0,0,0,0,0,0,0,0,0,0,0,0,0,0,0,0,0,1,1,1,
1,1,1,0,0,0,0,0,0,0,0,0,1,1,0,0,0,0,0,0,0,0,0,0,0,0,0,0,0,0,0,0,0,0,0,0,0,0,0,0,0,0,0,0,0,0,0,1,1,1,
1,1,1,1,0,0,0,0,0,0,0,0,0,1,0,0,0,0,0,0,0,0,0,0,0,0,0,0,0,0,0,0,0,0,0,0,1,0,0,0,0,0,0,0,0,0,0,1,1,1,
1,1,1,1,0,0,0,0,0,0,0,0,0,0,0,0,0,0,0,0,0,0,0,0,0,0,0,0,0,0,0,0,0,0,0,0,0,0,0,0,0,0,0,0,0,0,0,1,1,1,
1,1,1,0,0,0,0,0,0,0,0,0,0,1,0,1,2,1,0,0,0,0,0,0,0,0,0,0,0,0,0,0,0,0,0,0,0,0,0,0,0,0,0,0,0,0,0,1,1,1,
1,1,1,0,0,0,0,0,0,0,0,0,0,2,1,1,0,1,1,1,1,1,0,1,0,0,0,0,0,0,0,0,0,0,0,1,0,0,0,0,0,0,0,0,1,1,0,1,1,1,
1,1,1,0,0,0,0,0,0,0,0,0,0,0,1,1,0,0,0,1,1,1,1,2,1,0,0,0,0,0,0,0,0,0,0,0,0,0,0,0,0,0,0,1,0,1,0,1,1,1,
1,1,1,0,0,0,0,0,0,0,0,0,1,1,1,1,0,1,1,0,0,1,0,1,1,1,0,0,0,0,0,0,0,0,0,0,0,0,0,0,0,0,0,1,1,1,0,1,1,1,
1,1,1,0,0,0,0,0,0,0,0,0,0,1,1,1,2,1,1,0,1,0,0,0,0,0,0,0,0,0,0,0,0,0,0,0,0,0,0,0,0,0,0,0,1,1,1,1,1,1,
1,1,1,0,0,0,0,0,0,0,0,1,1,1,1,1,1,1,0,1,1,2,0,1,1,1,0,0,0,0,0,0,0,0,0,0,0,0,0,0,0,0,0,0,1,2,1,1,1,1,
1,1,1,0,0,0,0,0,0,0,0,1,1,0,1,2,0,1,1,0,2,2,1,1,1,0,1,1,0,0,0,0,0,0,0,0,1,0,0,0,0,0,0,0,0,0,0,1,1,1,
1,1,1,0,0,0,0,0,0,0,1,1,0,1,1,1,1,0,1,1,1,1,1,0,1,1,1,0,1,0,0,0,0,0,0,0,0,0,0,0,0,0,0,0,0,0,0,1,1,1,
1,1,1,0,0,1,0,0,0,1,0,1,1,0,1,2,1,0,0,1,1,0,1,0,0,1,2,0,1,1,1,0,0,0,0,0,0,0,0,0,0,0,0,0,0,0,0,1,1,1,
1,1,1,0,0,0,0,0,1,1,1,0,1,0,1,1,0,1,1,0,0,0,1,1,1,1,1,1,2,1,1,0,0,0,0,0,0,0,0,0,0,0,0,0,0,0,0,1,1,1,
1,1,1,1,1,1,1,1,1,1,1,1,1,1,1,1,1,1,1,1,1,1,1,1,1,1,1,1,1,1,1,1,1,1,1,1,1,1,1,1,1,1,1,1,1,1,1,1,1,1,
1,1,1,1,1,1,1,1,1,1,1,1,1,1,1,1,1,1,1,1,1,1,1,1,1,1,1,1,1,1,1,1,1,1,1,1,1,1,1,1,1,1,1,1,1,1,1,1,1,1,
1,1,1,1,1,1,1,1,1,1,1,1,1,1,1,1,1,1,1,1,1,1,1,1,1,1,1,1,1,1,1,1,1,1,1,1,1,1,1,1,1,1,1,1,1,1,1,1,1,1

[event]
type=event
# to arcano_a
location=23,0,4,1
activate=on_trigger
hotspot=location
intermap=maps/world/arcano_a.txt,25,45
tooltip=Torre de Vidro

[event]
type=event
# to bosque_b
location=0,23,1,4
activate=on_trigger
hotspot=location
intermap=maps/world/bosque_b.txt,45,25
tooltip=Coração do Bosque

[event]
type=event
# to aurora_a
location=49,23,1,4
activate=on_trigger
hotspot=location
intermap=maps/world/aurora_a.txt,4,25
tooltip=Aurora


[enemy]
type=enemy
location=9,36,3,3
category=rd_goblin_guardian
number=1,2
spawn_level=fixed,5

[enemy]
type=enemy
location=23,14,3,3
category=rd_goblin_guardian
number=1,2
spawn_level=fixed,3

[enemy]
type=enemy
location=26,31,3,3
category=rd_goblin_beastlord
number=2,3
spawn_level=fixed,5

[enemy]
type=enemy
location=38,19,3,3
category=rd_giant_spider
number=2,4
spawn_level=fixed,5

[enemy]
type=enemy
location=37,9,3,3
category=rd_goblin_guardian
number=2,3
spawn_level=fixed,5

[enemy]
type=enemy
location=32,41,3,3
category=rd_goblin_warrior
number=2,3
spawn_level=fixed,2

[enemy]
type=enemy
location=38,33,3,3
category=rd_goblin_beastlord
number=2,4
spawn_level=fixed,5

[enemy]
type=enemy
location=31,24,3,3
category=rd_giant_spider
number=2,3
spawn_level=fixed,5

[enemy]
type=enemy
location=15,26,3,3
category=rd_goblin_sergeant
number=2,3
spawn_level=fixed,5
