# GENERATED by tools/gen_world.py from tools/world/*.csv -- edit those, not this file.
# Brejo dos Ossos | região: Pântano dos Lamentos (Mortos-vivos) | bioma: swamp | nível 5-8

[header]
width=50
height=50
tilewidth=192
tileheight=96
orientation=isometric
background_color=0,0,0,255
hero_pos=25,4
music=music/unrest_theme.ogg
tileset=tilesetdefs/rd_swamp.txt
title=Brejo dos Ossos — Pântano dos Lamentos

[layer]
type=background
data=
16,17,18,19,16,17,18,19,16,17,18,19,16,17,18,19,16,17,18,19,16,17,18,19,16,17,18,19,16,17,18,19,16,17,18,19,16,17,18,19,16,17,18,19,16,17,18,19,16,17,
20,21,22,23,20,21,22,23,20,21,22,23,20,21,22,23,20,21,22,23,20,21,22,23,20,21,22,23,20,21,22,23,20,21,22,23,20,21,22,23,20,21,22,23,20,21,22,23,20,21,
24,25,26,27,24,25,26,27,24,25,26,27,24,25,26,27,24,25,26,27,24,25,26,27,24,25,26,27,24,25,26,27,24,25,26,27,24,25,26,27,24,25,26,27,24,25,26,27,24,25,
28,29,30,31,28,29,30,31,28,29,30,31,28,29,30,31,28,29,30,31,28,29,30,31,28,29,30,31,28,29,30,31,28,29,30,31,28,29,30,31,28,29,30,31,28,29,30,31,28,29,
16,17,18,19,16,17,18,19,16,17,18,19,16,17,18,19,16,17,18,19,16,17,18,19,16,17,18,19,16,17,18,19,16,17,18,19,16,17,18,19,16,17,18,19,16,17,18,19,16,17,
20,21,22,23,20,21,22,23,20,21,22,23,20,21,22,23,20,21,22,23,20,21,22,23,20,21,22,23,20,21,22,23,20,21,22,23,20,21,22,23,20,21,22,23,20,21,22,23,20,21,
24,25,26,27,24,25,26,27,24,25,26,27,24,25,26,27,24,25,26,27,24,25,26,27,24,25,26,27,24,25,26,27,24,25,26,27,24,25,26,27,24,25,26,27,24,25,26,27,24,25,
28,29,30,31,28,29,30,31,28,29,30,31,28,29,30,31,28,29,30,31,28,29,30,31,28,29,30,31,28,29,30,31,28,29,30,31,28,29,30,31,28,29,30,31,28,29,30,31,28,29,
16,17,18,19,16,17,18,19,16,17,18,19,16,17,18,19,16,17,18,19,16,17,18,19,16,17,18,19,16,17,18,19,16,17,18,19,16,17,18,19,16,17,18,19,16,17,18,19,16,17,
20,21,22,23,20,21,22,23,20,21,22,23,20,21,22,23,20,21,22,23,20,21,22,23,20,21,22,23,20,21,22,23,20,21,22,23,20,21,22,23,20,21,22,23,20,21,22,23,20,21,
24,25,26,27,24,25,26,27,24,25,26,27,24,25,26,27,24,25,26,27,24,25,26,27,24,25,26,27,24,25,26,27,24,25,26,27,24,25,26,27,24,25,26,27,24,25,26,27,24,25,
28,29,30,31,28,29,30,31,28,29,30,31,28,29,30,31,28,29,30,31,28,29,30,31,28,29,30,31,28,29,30,31,28,29,30,31,28,29,30,31,28,29,30,31,28,29,30,31,28,29,
16,17,18,19,16,17,18,19,16,17,18,19,16,17,18,19,16,17,18,19,16,17,18,19,16,17,18,19,16,17,18,19,16,17,18,19,16,17,18,19,16,17,18,19,16,17,18,19,16,17,
20,21,22,23,20,21,22,23,20,21,22,23,20,21,22,23,20,21,22,23,20,21,22,23,20,21,22,23,20,21,22,23,20,21,22,23,20,21,22,23,20,21,22,23,20,21,22,23,20,21,
24,25,26,27,24,25,26,27,24,25,26,27,24,25,26,27,24,25,26,27,24,25,26,27,24,25,26,27,24,25,26,27,24,25,26,27,24,25,26,27,24,25,26,27,24,25,26,27,24,25,
28,29,30,31,28,29,30,31,28,29,30,31,28,29,30,31,28,29,30,31,28,29,30,31,28,29,30,31,28,29,30,31,28,29,30,31,28,29,30,31,28,29,30,31,28,29,30,31,28,29,
16,17,18,19,16,17,18,19,16,17,18,19,16,17,18,19,16,17,18,19,16,17,18,19,16,17,18,19,16,17,18,19,16,17,18,19,16,17,18,19,16,17,18,19,16,17,18,19,16,17,
20,21,22,23,20,21,22,23,20,21,22,23,20,21,22,23,20,21,22,23,20,21,22,23,20,21,22,23,20,21,22,23,20,21,22,23,20,21,22,23,20,21,22,23,20,21,22,23,20,21,
24,25,26,27,24,25,26,27,24,25,26,27,24,25,26,27,24,25,26,27,24,25,26,27,24,25,26,27,24,25,26,27,24,25,26,27,24,25,26,27,24,25,26,27,24,25,26,27,24,25,
28,29,30,31,28,29,30,31,28,29,30,31,28,29,30,31,28,29,30,31,28,29,30,31,28,29,30,31,28,29,30,31,28,29,30,31,28,29,30,31,28,29,30,31,28,29,30,31,28,29,
16,17,18,19,16,17,18,19,16,17,18,19,16,17,18,19,16,17,18,19,16,17,18,19,16,17,18,19,16,17,18,19,16,17,18,19,16,17,18,19,16,17,18,19,16,17,18,19,16,17,
20,21,22,23,20,21,22,23,20,21,22,23,20,21,22,23,20,21,22,23,20,21,22,23,20,21,22,23,20,21,22,23,20,21,22,23,20,21,22,23,20,21,22,23,20,21,22,23,20,21,
24,25,26,27,24,25,26,27,24,25,26,27,24,25,26,27,24,25,26,27,24,25,26,27,24,25,26,27,24,25,26,27,24,25,26,27,24,25,26,27,24,25,26,27,24,25,26,27,24,25,
28,29,30,31,28,29,30,31,28,29,30,31,28,29,30,31,28,29,30,31,28,29,30,31,28,29,30,31,28,29,30,31,28,29,30,31,28,29,30,31,28,29,30,31,28,29,30,31,28,29,
16,17,18,19,16,17,18,19,16,17,18,19,16,17,18,19,16,17,18,19,16,17,18,19,16,17,18,19,16,17,18,19,16,17,18,19,16,17,18,19,16,17,18,19,16,17,18,19,16,17,
20,21,22,23,20,21,22,23,20,21,22,23,20,21,22,23,20,21,22,23,20,21,22,23,20,21,22,23,20,21,22,23,20,21,22,23,20,21,22,23,20,21,22,23,20,21,22,23,20,21,
24,25,26,27,24,25,26,27,24,25,26,27,24,25,26,27,24,25,26,27,24,25,26,27,24,25,26,27,24,25,26,27,24,25,26,27,24,25,26,27,24,25,26,27,24,25,26,27,24,25,
28,29,30,31,28,29,30,31,28,29,30,31,28,29,30,31,28,29,30,31,28,29,30,31,28,29,30,31,28,29,30,31,28,29,30,31,28,29,30,31,28,29,30,31,28,29,30,31,28,29,
16,17,18,19,16,17,18,19,16,17,18,19,16,17,18,19,16,17,18,19,16,17,18,19,16,17,18,19,16,17,18,19,16,17,18,19,16,17,18,19,16,17,18,19,16,17,18,19,16,17,
20,21,22,23,20,21,22,23,20,21,22,23,20,21,22,23,20,21,22,23,20,21,22,23,20,21,22,23,20,21,22,23,20,21,22,23,20,21,22,23,20,21,22,23,20,21,22,23,20,21,
24,25,26,27,24,25,26,27,24,25,26,27,24,25,26,27,24,25,26,27,24,25,26,27,24,25,26,27,24,25,26,27,24,25,26,27,24,25,26,27,24,25,26,27,24,25,26,27,24,25,
28,29,30,31,28,29,30,31,28,29,30,31,28,29,30,31,28,29,30,31,28,29,30,31,28,29,30,31,28,29,30,31,28,29,30,31,28,29,30,31,28,29,30,31,28,29,30,31,28,29,
16,17,18,19,16,17,18,19,16,17,18,19,16,17,18,19,16,17,18,19,16,17,18,19,16,17,18,19,16,17,18,19,16,17,18,19,16,17,18,19,16,17,18,19,16,17,18,19,16,17,
20,21,22,23,20,21,22,23,20,21,22,23,20,21,22,23,20,21,22,23,20,21,22,23,20,21,22,23,20,21,22,23,20,21,22,23,20,21,22,23,20,21,22,23,20,21,22,23,20,21,
24,25,26,27,24,25,26,27,24,25,26,27,24,25,26,27,24,25,26,27,24,25,26,27,24,25,26,27,24,25,26,27,24,25,26,27,24,25,26,27,24,25,26,27,24,25,26,27,24,25,
28,29,30,31,28,29,30,31,28,29,30,31,28,29,30,31,28,29,30,31,28,29,30,31,28,29,30,31,28,29,30,31,28,29,30,31,28,29,30,31,28,29,30,31,28,29,30,31,28,29,
16,17,18,19,16,17,18,19,16,17,18,19,16,17,18,19,16,17,18,19,16,17,18,19,16,17,18,19,16,17,18,19,16,17,18,19,16,17,18,19,16,17,18,19,16,17,18,19,16,17,
20,21,22,23,20,21,22,23,20,21,22,23,20,21,22,23,20,21,22,23,20,21,22,23,20,21,22,23,20,21,22,23,20,21,22,23,20,21,22,23,20,21,22,23,20,21,22,23,20,21,
24,25,26,27,24,25,26,27,24,25,26,27,24,25,26,27,24,25,26,27,24,25,26,27,24,25,26,27,24,25,26,27,24,25,26,27,24,25,26,27,24,25,26,27,24,25,26,27,24,25,
28,29,30,31,28,29,30,31,28,29,30,31,28,29,30,31,28,29,30,31,28,29,30,31,28,29,30,31,28,29,30,31,28,29,30,31,28,29,30,31,28,29,30,31,28,29,30,31,28,29,
16,17,18,19,16,17,18,19,16,17,18,19,16,17,18,19,16,17,18,19,16,17,18,19,16,17,18,19,16,17,18,19,16,17,18,19,16,17,18,19,16,17,18,19,16,17,18,19,16,17,
20,21,22,23,20,21,22,23,20,21,22,23,20,21,22,23,20,21,22,23,20,21,22,23,20,21,22,23,20,21,22,23,20,21,22,23,20,21,22,23,20,21,22,23,20,21,22,23,20,21,
24,25,26,27,24,25,26,27,24,25,26,27,24,25,26,27,24,25,26,27,24,25,26,27,24,25,26,27,24,25,26,27,24,25,26,27,24,25,26,27,24,25,26,27,24,25,26,27,24,25,
28,29,30,31,28,29,30,31,28,29,30,31,28,29,30,31,28,29,30,31,28,29,30,31,28,29,30,31,28,29,30,31,28,29,30,31,28,29,30,31,28,29,30,31,28,29,30,31,28,29,
16,17,18,19,16,17,18,19,16,17,18,19,16,17,18,19,16,17,18,19,16,17,18,19,16,17,18,19,16,17,18,19,16,17,18,19,16,17,18,19,16,17,18,19,16,17,18,19,16,17,
20,21,22,23,20,21,22,23,20,21,22,23,20,21,22,23,20,21,22,23,20,21,22,23,20,21,22,23,20,21,22,23,20,21,22,23,20,21,22,23,20,21,22,23,20,21,22,23,20,21,
24,25,26,27,24,25,26,27,24,25,26,27,24,25,26,27,24,25,26,27,24,25,26,27,24,25,26,27,24,25,26,27,24,25,26,27,24,25,26,27,24,25,26,27,24,25,26,27,24,25,
28,29,30,31,28,29,30,31,28,29,30,31,28,29,30,31,28,29,30,31,28,29,30,31,28,29,30,31,28,29,30,31,28,29,30,31,28,29,30,31,28,29,30,31,28,29,30,31,28,29,
16,17,18,19,16,17,18,19,16,17,18,19,16,17,18,19,16,17,18,19,16,17,18,19,16,17,18,19,16,17,18,19,16,17,18,19,16,17,18,19,16,17,18,19,16,17,18,19,16,17,
20,21,22,23,20,21,22,23,20,21,22,23,20,21,22,23,20,21,22,23,20,21,22,23,20,21,22,23,20,21,22,23,20,21,22,23,20,21,22,23,20,21,22,23,20,21,22,23,20,21

[layer]
type=object
data=
244,248,250,244,246,251,250,244,247,251,247,251,246,244,247,249,249,250,247,247,251,251,248,0,0,0,0,249,244,248,244,248,250,250,249,251,246,250,248,248,247,247,249,245,248,250,247,245,245,249,
249,244,247,250,246,245,246,251,244,247,249,245,245,247,248,244,244,251,246,251,246,245,248,0,0,0,0,250,248,247,244,248,250,245,245,248,244,250,246,246,245,244,246,246,248,248,251,246,246,245,
250,249,251,245,245,244,249,246,246,244,247,249,249,249,251,246,246,245,244,251,246,251,244,0,0,0,0,249,251,250,250,246,244,246,251,250,245,244,247,248,250,244,248,247,249,246,250,246,249,248,
248,244,245,125,250,244,0,0,0,114,0,0,0,0,0,0,0,0,0,0,0,0,0,0,0,0,0,0,0,115,0,0,0,0,124,0,114,125,0,0,0,0,244,114,0,0,115,251,251,247,
244,246,247,131,131,0,245,125,0,0,0,0,0,0,0,0,0,0,0,0,0,0,0,0,0,0,0,251,244,0,0,0,0,124,0,115,0,0,124,0,0,0,0,0,0,0,0,249,247,245,
245,251,248,0,246,247,0,246,0,0,0,125,0,0,245,115,0,246,246,0,124,0,114,0,0,0,0,0,246,0,244,248,0,125,0,0,0,0,0,0,0,0,0,124,0,0,0,244,249,247,
248,247,248,247,245,245,247,0,0,0,0,0,0,0,0,0,246,0,247,0,0,0,0,0,0,0,125,129,247,247,131,131,0,0,115,0,246,131,0,0,0,114,125,0,0,0,0,250,246,250,
251,249,250,245,247,247,128,246,0,0,0,0,0,0,0,0,0,247,0,115,0,0,0,0,0,115,0,246,251,244,246,0,248,0,0,248,245,248,124,124,0,0,224,124,0,125,0,245,249,247,
245,246,250,244,246,244,0,245,244,0,0,0,0,0,0,0,0,0,0,0,0,0,0,0,0,0,0,0,251,244,0,250,247,124,0,0,0,0,0,0,0,0,0,0,0,0,0,248,247,245,
246,244,249,250,0,128,128,0,251,125,0,0,0,0,0,0,0,0,0,0,0,0,0,0,0,0,0,249,248,0,247,247,124,0,0,0,0,0,0,0,0,0,0,0,0,0,0,245,249,247,
250,250,250,244,245,247,248,250,0,0,0,0,0,0,0,0,0,0,0,0,0,0,0,0,0,0,0,244,0,245,0,114,0,0,0,0,0,0,0,0,115,0,0,0,0,0,0,245,245,249,
245,249,245,245,130,244,0,0,125,0,0,0,0,0,0,0,0,0,0,0,125,0,0,0,0,0,0,0,246,0,0,0,0,0,0,124,0,0,0,0,0,0,0,0,125,0,0,248,250,244,
244,251,250,247,124,125,0,0,0,129,0,0,0,0,0,0,0,0,0,0,0,0,0,0,0,0,0,0,0,115,0,0,246,0,0,0,0,0,0,0,0,0,0,0,0,0,115,249,250,244,
246,244,244,245,0,0,0,0,0,0,0,0,0,0,0,0,0,0,125,0,0,0,0,0,0,0,0,0,0,0,0,0,0,0,0,0,0,0,125,0,0,0,0,0,0,0,0,244,250,245,
244,245,248,114,0,0,0,0,0,115,0,0,0,0,0,0,0,0,0,0,0,0,114,0,0,0,0,0,0,0,125,0,0,114,0,0,0,0,0,0,0,0,0,0,0,0,0,244,244,244,
244,248,250,0,0,124,0,0,124,0,125,0,0,0,0,0,0,0,0,0,0,0,0,0,0,0,0,124,0,115,0,0,125,0,0,0,0,0,0,245,245,0,0,0,0,0,0,250,244,248,
247,250,250,0,0,0,0,0,0,0,0,0,0,0,0,129,0,247,0,114,115,0,250,251,0,0,0,0,0,115,0,0,0,0,0,114,0,0,0,0,0,245,0,0,114,0,114,246,251,247,
244,248,246,0,124,0,0,0,0,0,0,0,0,0,0,247,124,0,246,0,245,0,245,0,0,0,0,0,115,0,0,0,0,0,0,0,0,244,130,250,244,244,0,0,0,0,244,250,250,251,
247,251,250,0,0,0,0,0,115,0,0,0,0,0,114,0,249,0,0,249,246,0,0,125,0,0,125,249,0,0,0,0,0,0,0,0,0,244,246,131,245,115,0,0,0,251,250,247,250,250,
248,247,249,0,0,0,0,0,0,0,0,0,0,0,0,0,0,131,0,0,0,0,0,0,0,0,0,115,0,0,0,0,0,0,0,0,0,125,125,248,245,124,0,0,114,247,125,245,251,246,
251,249,250,0,0,0,0,0,0,0,0,0,0,0,0,0,0,0,0,0,0,0,0,0,0,0,0,0,0,0,0,0,0,0,0,0,0,0,0,0,0,125,0,0,0,246,245,245,250,245,
245,245,250,0,0,125,0,0,0,125,0,0,0,0,115,0,250,0,129,246,0,0,0,0,0,124,0,0,0,0,0,0,0,0,0,0,0,125,0,0,124,124,0,0,115,0,246,251,250,244,
250,246,245,114,0,0,0,0,0,0,125,0,0,0,0,0,0,250,0,0,0,0,0,0,0,0,0,0,0,0,0,0,0,0,0,0,0,0,0,0,0,0,0,0,0,0,125,251,244,247,
0,0,0,0,0,0,0,0,0,0,114,0,0,0,114,0,114,125,0,0,0,0,125,0,0,0,0,0,0,0,0,0,0,0,0,0,0,0,0,0,0,0,0,0,0,0,0,0,0,0,
0,0,0,0,0,0,124,0,0,0,0,0,115,0,0,0,0,0,0,0,0,0,0,0,0,0,115,0,0,0,0,0,0,0,0,0,0,114,0,125,0,0,0,0,0,0,0,0,0,0,
0,0,0,0,125,0,0,0,0,115,0,0,0,0,0,0,0,0,0,0,0,0,0,0,0,0,0,0,0,0,0,0,0,0,0,0,0,0,0,0,0,0,0,0,0,0,0,0,0,0,
0,0,0,0,0,0,0,0,0,0,0,0,0,0,0,0,0,0,0,0,0,0,0,0,0,0,0,0,0,125,0,0,0,0,0,0,0,0,0,0,0,0,0,0,0,0,0,0,0,0,
249,250,251,0,0,0,125,0,251,0,130,131,0,0,245,0,114,0,0,0,0,0,0,0,0,0,0,0,0,0,250,0,0,0,0,0,125,0,0,0,0,0,0,0,0,0,0,250,245,244,
246,247,251,0,0,0,0,0,248,244,0,246,114,0,0,0,0,0,0,0,0,0,0,0,0,0,0,0,0,0,0,0,0,0,0,0,0,0,0,0,0,0,114,0,0,0,0,248,247,245,
251,244,245,0,0,0,0,245,250,247,0,0,0,0,0,0,0,0,0,114,0,0,0,0,0,0,0,0,0,0,0,0,0,0,0,0,0,0,0,0,0,115,115,0,0,0,0,247,245,244,
250,246,250,0,0,0,0,125,0,115,0,246,129,0,0,0,0,0,0,0,0,0,0,0,0,0,0,0,0,0,0,0,0,0,0,0,0,0,0,0,0,0,0,0,125,0,0,251,251,244,
250,247,244,0,0,0,0,114,0,246,0,246,0,0,0,0,0,0,0,0,0,0,0,0,0,0,0,0,0,0,0,0,0,0,0,125,124,0,0,0,114,0,0,0,0,0,246,247,245,244,
245,245,244,247,0,0,0,0,249,247,245,125,0,0,0,0,0,0,0,0,0,0,124,0,0,0,0,0,0,0,0,0,0,0,0,125,0,0,0,0,0,0,0,0,114,0,125,247,249,248,
244,251,250,248,0,0,0,0,0,0,0,0,0,0,0,0,125,0,0,0,0,0,0,0,0,0,0,0,0,0,0,0,0,0,0,0,0,0,0,0,0,0,0,0,0,0,0,250,250,244,
247,250,245,0,245,0,0,0,114,0,0,245,0,0,0,0,0,0,0,0,0,0,0,0,0,0,0,0,0,0,0,125,0,0,0,0,0,114,0,244,245,246,0,0,0,0,0,249,244,246,
246,245,250,0,0,248,114,0,0,0,129,0,128,0,0,0,0,0,0,0,0,124,0,0,0,0,0,114,0,0,0,0,0,0,0,125,0,0,0,245,131,248,0,0,0,0,0,245,251,245,
247,246,244,247,250,249,0,0,0,0,0,131,244,0,0,0,0,0,114,0,0,0,0,0,0,0,0,0,0,0,125,0,115,124,0,0,0,115,0,0,114,130,251,244,131,0,0,244,249,246,
251,246,245,245,131,128,124,0,114,0,0,0,0,0,0,114,0,0,0,0,0,0,0,0,0,0,0,0,0,0,0,115,124,0,0,0,0,0,0,0,0,0,246,245,0,0,0,249,247,248,
245,248,245,251,246,130,0,0,0,0,0,0,0,0,247,246,131,247,125,247,0,0,0,0,0,0,0,0,0,244,247,0,0,114,0,0,0,0,0,0,0,0,0,245,246,0,0,249,248,246,
249,251,244,244,115,0,0,246,0,0,0,0,0,0,244,246,246,244,244,247,0,0,0,0,0,0,0,0,248,249,247,129,245,0,0,0,0,0,0,0,0,0,0,0,0,0,0,251,249,244,
249,248,248,246,0,125,0,0,0,0,0,0,0,0,128,250,245,124,247,0,0,0,0,0,0,0,0,250,0,0,0,0,250,244,0,0,0,0,124,0,0,0,0,125,0,0,0,246,250,248,
245,246,244,0,0,0,0,0,0,0,0,0,0,0,0,244,247,124,0,125,0,0,0,125,0,0,0,245,251,244,244,0,124,0,0,0,0,0,0,0,0,0,0,0,0,0,0,244,247,247,
250,248,249,0,0,0,0,0,124,0,115,0,250,245,248,0,245,249,0,0,0,0,0,125,0,0,0,0,244,244,248,244,247,250,0,0,0,115,0,0,0,0,0,0,0,0,0,248,247,245,
248,247,250,0,0,0,0,0,0,115,0,0,0,125,244,245,130,250,0,0,0,0,0,0,125,0,0,249,130,0,0,245,0,246,0,0,0,0,0,0,0,0,0,0,131,0,0,247,244,250,
250,244,245,0,0,0,0,0,0,114,0,114,246,245,129,0,0,0,0,124,0,0,0,0,0,0,0,246,251,250,246,244,248,0,114,0,0,0,0,0,0,0,0,244,245,249,246,244,246,246,
244,249,244,0,125,0,0,124,0,0,0,0,247,248,0,0,247,0,245,0,0,0,0,0,0,0,0,251,244,0,131,245,244,247,0,0,0,0,0,0,247,244,245,246,247,246,244,251,244,251,
246,246,251,247,0,0,124,0,124,125,124,0,0,130,0,251,246,114,248,0,0,0,0,0,0,0,0,251,250,251,246,128,248,128,0,0,0,0,0,0,0,0,247,0,247,124,247,248,249,247,
246,249,249,249,247,244,244,247,251,245,244,246,248,246,250,245,245,250,249,247,248,246,245,0,0,0,0,250,249,249,244,247,246,247,245,245,246,247,249,248,250,250,250,248,250,245,250,247,246,250,
248,244,248,250,245,248,251,248,245,250,247,247,247,246,251,249,248,250,251,246,249,244,244,0,0,0,0,248,248,251,246,247,249,244,245,244,251,247,245,248,249,245,247,245,249,249,251,250,247,244,
250,244,250,250,249,245,247,247,244,249,244,247,249,251,249,250,251,245,244,249,249,249,246,0,0,0,0,244,248,245,249,245,244,249,248,247,246,245,247,249,249,248,245,244,247,248,245,244,246,245

[layer]
type=collision
data=
1,1,1,1,1,1,1,1,1,1,1,1,1,1,1,1,1,1,1,1,1,1,1,0,0,0,0,1,1,1,1,1,1,1,1,1,1,1,1,1,1,1,1,1,1,1,1,1,1,1,
1,1,1,1,1,1,1,1,1,1,1,1,1,1,1,1,1,1,1,1,1,1,1,0,0,0,0,1,1,1,1,1,1,1,1,1,1,1,1,1,1,1,1,1,1,1,1,1,1,1,
1,1,1,1,1,1,1,1,1,1,1,1,1,1,1,1,1,1,1,1,1,1,1,0,0,0,0,1,1,1,1,1,1,1,1,1,1,1,1,1,1,1,1,1,1,1,1,1,1,1,
1,1,1,0,1,1,0,0,0,0,0,0,0,0,0,0,0,0,0,0,0,0,0,0,0,0,0,0,0,0,0,0,0,0,0,0,0,0,0,0,0,0,1,0,0,0,0,1,1,1,
1,1,1,2,2,0,1,0,0,0,0,0,0,0,0,0,0,0,0,0,0,0,0,0,0,0,0,1,1,0,0,0,0,0,0,0,0,0,0,0,0,0,0,0,0,0,0,1,1,1,
1,1,1,0,1,1,0,1,0,0,0,0,0,0,1,0,0,1,1,0,0,0,0,0,0,0,0,0,1,0,1,1,0,0,0,0,0,0,0,0,0,0,0,0,0,0,0,1,1,1,
1,1,1,1,1,1,1,0,0,0,0,0,0,0,0,0,1,0,1,0,0,0,0,0,0,0,0,2,1,1,2,2,0,0,0,0,1,2,0,0,0,0,0,0,0,0,0,1,1,1,
1,1,1,1,1,1,2,1,0,0,0,0,0,0,0,0,0,1,0,0,0,0,0,0,0,0,0,1,1,1,1,0,1,0,0,1,1,1,0,0,0,0,1,0,0,0,0,1,1,1,
1,1,1,1,1,1,0,1,1,0,0,0,0,0,0,0,0,0,0,0,0,0,0,0,0,0,0,0,1,1,0,1,1,0,0,0,0,0,0,0,0,0,0,0,0,0,0,1,1,1,
1,1,1,1,0,2,2,0,1,0,0,0,0,0,0,0,0,0,0,0,0,0,0,0,0,0,0,1,1,0,1,1,0,0,0,0,0,0,0,0,0,0,0,0,0,0,0,1,1,1,
1,1,1,1,1,1,1,1,0,0,0,0,0,0,0,0,0,0,0,0,0,0,0,0,0,0,0,1,0,1,0,0,0,0,0,0,0,0,0,0,0,0,0,0,0,0,0,1,1,1,
1,1,1,1,2,1,0,0,0,0,0,0,0,0,0,0,0,0,0,0,0,0,0,0,0,0,0,0,1,0,0,0,0,0,0,0,0,0,0,0,0,0,0,0,0,0,0,1,1,1,
1,1,1,1,0,0,0,0,0,2,0,0,0,0,0,0,0,0,0,0,0,0,0,0,0,0,0,0,0,0,0,0,1,0,0,0,0,0,0,0,0,0,0,0,0,0,0,1,1,1,
1,1,1,1,0,0,0,0,0,0,0,0,0,0,0,0,0,0,0,0,0,0,0,0,0,0,0,0,0,0,0,0,0,0,0,0,0,0,0,0,0,0,0,0,0,0,0,1,1,1,
1,1,1,0,0,0,0,0,0,0,0,0,0,0,0,0,0,0,0,0,0,0,0,0,0,0,0,0,0,0,0,0,0,0,0,0,0,0,0,0,0,0,0,0,0,0,0,1,1,1,
1,1,1,0,0,0,0,0,0,0,0,0,0,0,0,0,0,0,0,0,0,0,0,0,0,0,0,0,0,0,0,0,0,0,0,0,0,0,0,1,1,0,0,0,0,0,0,1,1,1,
1,1,1,0,0,0,0,0,0,0,0,0,0,0,0,2,0,1,0,0,0,0,1,1,0,0,0,0,0,0,0,0,0,0,0,0,0,0,0,0,0,1,0,0,0,0,0,1,1,1,
1,1,1,0,0,0,0,0,0,0,0,0,0,0,0,1,0,0,1,0,1,0,1,0,0,0,0,0,0,0,0,0,0,0,0,0,0,1,2,1,1,1,0,0,0,0,1,1,1,1,
1,1,1,0,0,0,0,0,0,0,0,0,0,0,0,0,1,0,0,1,1,0,0,0,0,0,0,1,0,0,0,0,0,0,0,0,0,1,1,2,1,0,0,0,0,1,1,1,1,1,
1,1,1,0,0,0,0,0,0,0,0,0,0,0,0,0,0,2,0,0,0,0,0,0,0,0,0,0,0,0,0,0,0,0,0,0,0,0,0,1,1,0,0,0,0,1,0,1,1,1,
1,1,1,0,0,0,0,0,0,0,0,0,0,0,0,0,0,0,0,0,0,0,0,0,0,0,0,0,0,0,0,0,0,0,0,0,0,0,0,0,0,0,0,0,0,1,1,1,1,1,
1,1,1,0,0,0,0,0,0,0,0,0,0,0,0,0,1,0,2,1,0,0,0,0,0,0,0,0,0,0,0,0,0,0,0,0,0,0,0,0,0,0,0,0,0,0,1,1,1,1,
1,1,1,0,0,0,0,0,0,0,0,0,0,0,0,0,0,1,0,0,0,0,0,0,0,0,0,0,0,0,0,0,0,0,0,0,0,0,0,0,0,0,0,0,0,0,0,1,1,1,
0,0,0,0,0,0,0,0,0,0,0,0,0,0,0,0,0,0,0,0,0,0,0,0,0,0,0,0,0,0,0,0,0,0,0,0,0,0,0,0,0,0,0,0,0,0,0,0,0,0,
0,0,0,0,0,0,0,0,0,0,0,0,0,0,0,0,0,0,0,0,0,0,0,0,0,0,0,0,0,0,0,0,0,0,0,0,0,0,0,0,0,0,0,0,0,0,0,0,0,0,
0,0,0,0,0,0,0,0,0,0,0,0,0,0,0,0,0,0,0,0,0,0,0,0,0,0,0,0,0,0,0,0,0,0,0,0,0,0,0,0,0,0,0,0,0,0,0,0,0,0,
0,0,0,0,0,0,0,0,0,0,0,0,0,0,0,0,0,0,0,0,0,0,0,0,0,0,0,0,0,0,0,0,0,0,0,0,0,0,0,0,0,0,0,0,0,0,0,0,0,0,
1,1,1,0,0,0,0,0,1,0,2,2,0,0,1,0,0,0,0,0,0,0,0,0,0,0,0,0,0,0,1,0,0,0,0,0,0,0,0,0,0,0,0,0,0,0,0,1,1,1,
1,1,1,0,0,0,0,0,1,1,0,1,0,0,0,0,0,0,0,0,0,0,0,0,0,0,0,0,0,0,0,0,0,0,0,0,0,0,0,0,0,0,0,0,0,0,0,1,1,1,
1,1,1,0,0,0,0,1,1,1,0,0,0,0,0,0,0,0,0,0,0,0,0,0,0,0,0,0,0,0,0,0,0,0,0,0,0,0,0,0,0,0,0,0,0,0,0,1,1,1,
1,1,1,0,0,0,0,0,0,0,0,1,2,0,0,0,0,0,0,0,0,0,0,0,0,0,0,0,0,0,0,0,0,0,0,0,0,0,0,0,0,0,0,0,0,0,0,1,1,1,
1,1,1,0,0,0,0,0,0,1,0,1,0,0,0,0,0,0,0,0,0,0,0,0,0,0,0,0,0,0,0,0,0,0,0,0,0,0,0,0,0,0,0,0,0,0,1,1,1,1,
1,1,1,1,0,0,0,0,1,1,1,0,0,0,0,0,0,0,0,0,0,0,0,0,0,0,0,0,0,0,0,0,0,0,0,0,0,0,0,0,0,0,0,0,0,0,0,1,1,1,
1,1,1,1,0,0,0,0,0,0,0,0,0,0,0,0,0,0,0,0,0,0,0,0,0,0,0,0,0,0,0,0,0,0,0,0,0,0,0,0,0,0,0,0,0,0,0,1,1,1,
1,1,1,0,1,0,0,0,0,0,0,1,0,0,0,0,0,0,0,0,0,0,0,0,0,0,0,0,0,0,0,0,0,0,0,0,0,0,0,1,1,1,0,0,0,0,0,1,1,1,
1,1,1,0,0,1,0,0,0,0,2,0,2,0,0,0,0,0,0,0,0,0,0,0,0,0,0,0,0,0,0,0,0,0,0,0,0,0,0,1,2,1,0,0,0,0,0,1,1,1,
1,1,1,1,1,1,0,0,0,0,0,2,1,0,0,0,0,0,0,0,0,0,0,0,0,0,0,0,0,0,0,0,0,0,0,0,0,0,0,0,0,2,1,1,2,0,0,1,1,1,
1,1,1,1,2,2,0,0,0,0,0,0,0,0,0,0,0,0,0,0,0,0,0,0,0,0,0,0,0,0,0,0,0,0,0,0,0,0,0,0,0,0,1,1,0,0,0,1,1,1,
1,1,1,1,1,2,0,0,0,0,0,0,0,0,1,1,2,1,0,1,0,0,0,0,0,0,0,0,0,1,1,0,0,0,0,0,0,0,0,0,0,0,0,1,1,0,0,1,1,1,
1,1,1,1,0,0,0,1,0,0,0,0,0,0,1,1,1,1,1,1,0,0,0,0,0,0,0,0,1,1,1,2,1,0,0,0,0,0,0,0,0,0,0,0,0,0,0,1,1,1,
1,1,1,1,0,0,0,0,0,0,0,0,0,0,2,1,1,0,1,0,0,0,0,0,0,0,0,1,0,0,0,0,1,1,0,0,0,0,0,0,0,0,0,0,0,0,0,1,1,1,
1,1,1,0,0,0,0,0,0,0,0,0,0,0,0,1,1,0,0,0,0,0,0,0,0,0,0,1,1,1,1,0,0,0,0,0,0,0,0,0,0,0,0,0,0,0,0,1,1,1,
1,1,1,0,0,0,0,0,0,0,0,0,1,1,1,0,1,1,0,0,0,0,0,0,0,0,0,0,1,1,1,1,1,1,0,0,0,0,0,0,0,0,0,0,0,0,0,1,1,1,
1,1,1,0,0,0,0,0,0,0,0,0,0,0,1,1,2,1,0,0,0,0,0,0,0,0,0,1,2,0,0,1,0,1,0,0,0,0,0,0,0,0,0,0,2,0,0,1,1,1,
1,1,1,0,0,0,0,0,0,0,0,0,1,1,2,0,0,0,0,0,0,0,0,0,0,0,0,1,1,1,1,1,1,0,0,0,0,0,0,0,0,0,0,1,1,1,1,1,1,1,
1,1,1,0,0,0,0,0,0,0,0,0,1,1,0,0,1,0,1,0,0,0,0,0,0,0,0,1,1,0,2,1,1,1,0,0,0,0,0,0,1,1,1,1,1,1,1,1,1,1,
1,1,1,1,0,0,0,0,0,0,0,0,0,2,0,1,1,0,1,0,0,0,0,0,0,0,0,1,1,1,1,2,1,2,0,0,0,0,0,0,0,0,1,0,1,0,1,1,1,1,
1,1,1,1,1,1,1,1,1,1,1,1,1,1,1,1,1,1,1,1,1,1,1,0,0,0,0,1,1,1,1,1,1,1,1,1,1,1,1,1,1,1,1,1,1,1,1,1,1,1,
1,1,1,1,1,1,1,1,1,1,1,1,1,1,1,1,1,1,1,1,1,1,1,0,0,0,0,1,1,1,1,1,1,1,1,1,1,1,1,1,1,1,1,1,1,1,1,1,1,1,
1,1,1,1,1,1,1,1,1,1,1,1,1,1,1,1,1,1,1,1,1,1,1,0,0,0,0,1,1,1,1,1,1,1,1,1,1,1,1,1,1,1,1,1,1,1,1,1,1,1

[event]
type=event
location=41,8,3,1
activate=on_trigger
hotspot=42,7,1,1
intermap=maps/world/dungeons/pantano_a.txt
tooltip=Cripta Alagada

[event]
type=event
# dungeon version 3
location=0,0,1,1
activate=on_load
requires_not_status=rd_dg_pantano_a_v3
set_status=rd_dg_pantano_a_f1_reset,rd_dg_pantano_a_v3

[event]
type=event
# back from the dungeon
location=42,10,1,1
intermap_id=rd_cave

[event]
type=event
# to planalto_a
location=23,0,4,1
activate=on_trigger
hotspot=location
intermap=maps/world/planalto_a.txt,25,45
tooltip=Portões do Planalto

[event]
type=event
# to aurora_a
location=23,49,4,1
activate=on_trigger
hotspot=location
intermap=maps/world/aurora_a.txt,25,4
tooltip=Aurora

[event]
type=event
# to arcano_a
location=0,23,1,4
activate=on_trigger
hotspot=location
intermap=maps/world/arcano_a.txt,45,25
tooltip=Torre de Vidro

[event]
type=event
# to pantano_b
location=49,23,1,4
activate=on_trigger
hotspot=location
intermap=maps/world/pantano_b.txt,4,25
tooltip=Lodo Eterno


[enemy]
type=enemy
location=10,38,3,3
category=rd_mummy
number=1,2
spawn_level=fixed,5

[enemy]
type=enemy
location=11,7,3,3
category=rd_mummy
number=1,2
spawn_level=fixed,7

[enemy]
type=enemy
location=29,30,3,3
category=rd_skeletal_archer
number=2,4
spawn_level=fixed,8

[enemy]
type=enemy
location=12,19,3,3
category=rd_skeletal_warrior
number=1,2
spawn_level=fixed,8

[enemy]
type=enemy
location=37,9,3,3
category=rd_skeletal_archer
number=2,4
spawn_level=fixed,6

[enemy]
type=enemy
location=16,26,3,3
category=rd_skeleton
number=2,3
spawn_level=fixed,5

[enemy]
type=enemy
location=39,41,3,3
category=rd_ghost
number=2,4
spawn_level=fixed,5

[enemy]
type=enemy
location=33,19,3,3
category=rd_skeleton
number=2,4
spawn_level=fixed,5

[enemy]
type=enemy
location=17,34,3,3
category=rd_skeleton
number=2,3
spawn_level=fixed,5
