# GENERATED by tools/gen_world.py from tools/world/*.csv -- edit those, not this file.
# Lodo Eterno | região: Pântano dos Lamentos (Mortos-vivos) | bioma: swamp | nível 7-10

[header]
width=50
height=50
tilewidth=192
tileheight=96
orientation=isometric
background_color=0,0,0,255
hero_pos=25,4
music=music/unrest_theme.ogg
tileset=tilesetdefs/rd_swamp.txt
title=Lodo Eterno — Pântano dos Lamentos

[layer]
type=background
data=
16,17,18,19,16,17,18,19,16,17,18,19,16,17,18,19,16,17,18,19,16,17,18,19,16,17,18,19,16,17,18,19,16,17,18,19,16,17,18,19,16,17,18,19,16,17,18,19,16,17,
20,21,22,23,20,21,22,23,20,21,22,23,20,21,22,23,20,21,22,23,20,21,22,23,20,21,22,23,20,21,22,23,20,21,22,23,20,21,22,23,20,21,22,23,20,21,22,23,20,21,
24,25,26,27,24,25,26,27,24,25,26,27,24,25,26,27,24,25,26,27,24,25,26,27,24,25,26,27,24,25,26,27,24,25,26,27,24,25,26,27,24,25,26,27,24,25,26,27,24,25,
28,29,30,31,28,29,30,31,28,29,30,31,28,29,30,31,28,29,30,31,28,29,30,31,28,29,30,31,28,29,30,31,28,29,30,31,28,29,30,31,28,29,30,31,28,29,30,31,28,29,
16,17,18,19,16,17,18,19,16,17,18,19,16,17,18,19,16,17,18,19,16,17,18,19,16,17,18,19,16,17,18,19,16,17,18,19,16,17,18,19,16,17,18,19,16,17,18,19,16,17,
20,21,22,23,20,21,22,23,20,21,22,23,20,21,22,23,20,21,22,23,20,21,22,23,20,21,22,23,20,21,22,23,20,21,22,23,20,21,22,23,20,21,22,23,20,21,22,23,20,21,
24,25,26,27,24,25,26,27,24,25,26,27,24,25,26,27,24,25,26,27,24,25,26,27,24,25,26,27,24,25,26,27,24,25,26,27,24,25,26,27,24,25,26,27,24,25,26,27,24,25,
28,29,30,31,28,29,30,31,28,29,30,31,28,29,30,31,28,29,30,31,28,29,30,31,28,29,30,31,28,29,30,31,28,29,30,31,28,29,30,31,28,29,30,31,28,29,30,31,28,29,
16,17,18,19,16,17,18,19,16,17,18,19,16,17,18,19,16,17,18,19,16,17,18,19,16,17,18,19,16,17,18,19,16,17,18,19,16,17,18,19,16,17,18,19,16,17,18,19,16,17,
20,21,22,23,20,21,22,23,20,21,22,23,20,21,22,23,20,21,22,23,20,21,22,23,20,21,22,23,20,21,22,23,20,21,22,23,20,21,22,23,20,21,22,23,20,21,22,23,20,21,
24,25,26,27,24,25,26,27,24,25,26,27,24,25,26,27,24,25,26,27,24,25,26,27,24,25,26,27,24,25,26,27,24,25,26,27,24,25,26,27,24,25,26,27,24,25,26,27,24,25,
28,29,30,31,28,29,30,31,28,29,30,31,28,29,30,31,28,29,30,31,28,29,30,31,28,29,30,31,28,29,30,31,28,29,30,31,28,29,30,31,28,29,30,31,28,29,30,31,28,29,
16,17,18,19,16,17,18,19,16,17,18,19,16,17,18,19,16,17,18,19,16,17,18,19,16,17,18,19,16,17,18,19,16,17,18,19,16,17,18,19,16,17,18,19,16,17,18,19,16,17,
20,21,22,23,20,21,22,23,20,21,22,23,20,21,22,23,20,21,22,23,20,21,22,23,20,21,22,23,20,21,22,23,20,21,22,23,20,21,22,23,20,21,22,23,20,21,22,23,20,21,
24,25,26,27,24,25,26,27,24,25,26,27,24,25,26,27,24,25,26,27,24,25,26,27,24,25,26,27,24,25,26,27,24,25,26,27,24,25,26,27,24,25,26,27,24,25,26,27,24,25,
28,29,30,31,28,29,30,31,28,29,30,31,28,29,30,31,28,29,30,31,28,29,30,31,28,29,30,31,28,29,30,31,28,29,30,31,28,29,30,31,28,29,30,31,28,29,30,31,28,29,
16,17,18,19,16,17,18,19,16,17,18,19,16,17,18,19,16,17,18,19,16,17,18,19,16,17,18,19,16,17,18,19,16,17,18,19,16,17,18,19,16,17,18,19,16,17,18,19,16,17,
20,21,22,23,20,21,22,23,20,21,22,23,20,21,22,23,20,21,22,23,20,21,22,23,20,21,22,23,20,21,22,23,20,21,22,23,20,21,22,23,20,21,22,23,20,21,22,23,20,21,
24,25,26,27,24,25,26,27,24,25,26,27,24,25,26,27,24,25,26,27,24,25,26,27,24,25,26,27,24,25,26,27,24,25,26,27,24,25,26,27,24,25,26,27,24,25,26,27,24,25,
28,29,30,31,28,29,30,31,28,29,30,31,28,29,30,31,28,29,30,31,28,29,30,31,28,29,30,31,28,29,30,31,28,29,30,31,28,29,30,31,28,29,30,31,28,29,30,31,28,29,
16,17,18,19,16,17,18,19,16,17,18,19,16,17,18,19,16,17,18,19,16,17,18,19,16,17,18,19,16,17,18,19,16,17,18,19,16,17,18,19,16,17,18,19,16,17,18,19,16,17,
20,21,22,23,20,21,22,23,20,21,22,23,20,21,22,23,20,21,22,23,20,21,22,23,20,21,22,23,20,21,22,23,20,21,22,23,20,21,22,23,20,21,22,23,20,21,22,23,20,21,
24,25,26,27,24,25,26,27,24,25,26,27,24,25,26,27,24,25,26,27,24,25,26,27,24,25,26,27,24,25,26,27,24,25,26,27,24,25,26,27,24,25,26,27,24,25,26,27,24,25,
28,29,30,31,28,29,30,31,28,29,30,31,28,29,30,31,28,29,30,31,28,29,30,31,28,29,30,31,28,29,30,31,28,29,30,31,28,29,30,31,28,29,30,31,28,29,30,31,28,29,
16,17,18,19,16,17,18,19,16,17,18,19,16,17,18,19,16,17,18,19,16,17,18,19,16,17,18,19,16,17,18,19,16,17,18,19,16,17,18,19,16,17,18,19,16,17,18,19,16,17,
20,21,22,23,20,21,22,23,20,21,22,23,20,21,22,23,20,21,22,23,20,21,22,23,20,21,22,23,20,21,22,23,20,21,22,23,20,21,22,23,20,21,22,23,20,21,22,23,20,21,
24,25,26,27,24,25,26,27,24,25,26,27,24,25,26,27,24,25,26,27,24,25,26,27,24,25,26,27,24,25,26,27,24,25,26,27,24,25,26,27,24,25,26,27,24,25,26,27,24,25,
28,29,30,31,28,29,30,31,28,29,30,31,28,29,30,31,28,29,30,31,28,29,30,31,28,29,30,31,28,29,30,31,28,29,30,31,28,29,30,31,28,29,30,31,28,29,30,31,28,29,
16,17,18,19,16,17,18,19,16,17,18,19,16,17,18,19,16,17,18,19,16,17,18,19,16,17,18,19,16,17,18,19,16,17,18,19,16,17,18,19,16,17,18,19,16,17,18,19,16,17,
20,21,22,23,20,21,22,23,20,21,22,23,20,21,22,23,20,21,22,23,20,21,22,23,20,21,22,23,20,21,22,23,20,21,22,23,20,21,22,23,20,21,22,23,20,21,22,23,20,21,
24,25,26,27,24,25,26,27,24,25,26,27,24,25,26,27,24,25,26,27,24,25,26,27,24,25,26,27,24,25,26,27,24,25,26,27,24,25,26,27,24,25,26,27,24,25,26,27,24,25,
28,29,30,31,28,29,30,31,28,29,30,31,28,29,30,31,28,29,30,31,28,29,30,31,28,29,30,31,28,29,30,31,28,29,30,31,28,29,30,31,28,29,30,31,28,29,30,31,28,29,
16,17,18,19,16,17,18,19,16,17,18,19,16,17,18,19,16,17,18,19,16,17,18,19,16,17,18,19,16,17,18,19,16,17,18,19,16,17,18,19,16,17,18,19,16,17,18,19,16,17,
20,21,22,23,20,21,22,23,20,21,22,23,20,21,22,23,20,21,22,23,20,21,22,23,20,21,22,23,20,21,22,23,20,21,22,23,20,21,22,23,20,21,22,23,20,21,22,23,20,21,
24,25,26,27,24,25,26,27,24,25,26,27,24,25,26,27,24,25,26,27,24,25,26,27,24,25,26,27,24,25,26,27,24,25,26,27,24,25,26,27,24,25,26,27,24,25,26,27,24,25,
28,29,30,31,28,29,30,31,28,29,30,31,28,29,30,31,28,29,30,31,28,29,30,31,28,29,30,31,28,29,30,31,28,29,30,31,28,29,30,31,28,29,30,31,28,29,30,31,28,29,
16,17,18,19,16,17,18,19,16,17,18,19,16,17,18,19,16,17,18,19,16,17,18,19,16,17,18,19,16,17,18,19,16,17,18,19,16,17,18,19,16,17,18,19,16,17,18,19,16,17,
20,21,22,23,20,21,22,23,20,21,22,23,20,21,22,23,20,21,22,23,20,21,22,23,20,21,22,23,20,21,22,23,20,21,22,23,20,21,22,23,20,21,22,23,20,21,22,23,20,21,
24,25,26,27,24,25,26,27,24,25,26,27,24,25,26,27,24,25,26,27,24,25,26,27,24,25,26,27,24,25,26,27,24,25,26,27,24,25,26,27,24,25,26,27,24,25,26,27,24,25,
28,29,30,31,28,29,30,31,28,29,30,31,28,29,30,31,28,29,30,31,28,29,30,31,28,29,30,31,28,29,30,31,28,29,30,31,28,29,30,31,28,29,30,31,28,29,30,31,28,29,
16,17,18,19,16,17,18,19,16,17,18,19,16,17,18,19,16,17,18,19,16,17,18,19,16,17,18,19,16,17,18,19,16,17,18,19,16,17,18,19,16,17,18,19,16,17,18,19,16,17,
20,21,22,23,20,21,22,23,20,21,22,23,20,21,22,23,20,21,22,23,20,21,22,23,20,21,22,23,20,21,22,23,20,21,22,23,20,21,22,23,20,21,22,23,20,21,22,23,20,21,
24,25,26,27,24,25,26,27,24,25,26,27,24,25,26,27,24,25,26,27,24,25,26,27,24,25,26,27,24,25,26,27,24,25,26,27,24,25,26,27,24,25,26,27,24,25,26,27,24,25,
28,29,30,31,28,29,30,31,28,29,30,31,28,29,30,31,28,29,30,31,28,29,30,31,28,29,30,31,28,29,30,31,28,29,30,31,28,29,30,31,28,29,30,31,28,29,30,31,28,29,
16,17,18,19,16,17,18,19,16,17,18,19,16,17,18,19,16,17,18,19,16,17,18,19,16,17,18,19,16,17,18,19,16,17,18,19,16,17,18,19,16,17,18,19,16,17,18,19,16,17,
20,21,22,23,20,21,22,23,20,21,22,23,20,21,22,23,20,21,22,23,20,21,22,23,20,21,22,23,20,21,22,23,20,21,22,23,20,21,22,23,20,21,22,23,20,21,22,23,20,21,
24,25,26,27,24,25,26,27,24,25,26,27,24,25,26,27,24,25,26,27,24,25,26,27,24,25,26,27,24,25,26,27,24,25,26,27,24,25,26,27,24,25,26,27,24,25,26,27,24,25,
28,29,30,31,28,29,30,31,28,29,30,31,28,29,30,31,28,29,30,31,28,29,30,31,28,29,30,31,28,29,30,31,28,29,30,31,28,29,30,31,28,29,30,31,28,29,30,31,28,29,
16,17,18,19,16,17,18,19,16,17,18,19,16,17,18,19,16,17,18,19,16,17,18,19,16,17,18,19,16,17,18,19,16,17,18,19,16,17,18,19,16,17,18,19,16,17,18,19,16,17,
20,21,22,23,20,21,22,23,20,21,22,23,20,21,22,23,20,21,22,23,20,21,22,23,20,21,22,23,20,21,22,23,20,21,22,23,20,21,22,23,20,21,22,23,20,21,22,23,20,21

[layer]
type=object
data=
250,248,245,249,246,248,251,245,246,251,249,244,250,245,249,244,248,249,244,249,248,247,245,0,0,0,0,244,249,244,244,247,248,245,250,250,247,249,249,251,248,247,244,247,250,249,245,248,247,247,
251,250,247,244,248,250,248,251,245,246,249,247,244,250,249,247,246,248,245,247,248,249,249,0,0,0,0,245,246,248,245,251,246,245,245,246,246,246,249,248,251,244,246,244,251,246,246,249,246,246,
244,251,247,245,251,246,245,247,250,250,248,250,246,247,245,248,251,248,249,244,248,248,251,0,0,0,0,250,251,250,249,250,251,245,247,246,251,251,247,250,245,247,248,247,248,244,248,247,250,250,
250,248,244,0,0,0,0,0,0,0,114,0,0,0,0,0,0,0,0,0,0,245,0,0,0,0,0,114,0,0,0,0,0,115,0,0,0,0,0,0,0,0,0,0,0,115,0,247,244,249,
244,249,249,0,0,0,0,0,0,0,0,0,115,0,0,0,0,0,0,251,245,0,131,0,0,0,0,0,0,0,0,0,125,0,0,0,0,0,0,0,115,0,0,0,0,0,0,249,250,248,
250,248,245,0,0,0,0,0,0,0,0,0,245,0,0,0,0,0,251,248,248,0,114,245,0,0,0,244,0,0,0,0,0,0,125,0,0,0,0,0,0,0,0,125,0,0,0,248,244,249,
249,247,245,0,0,0,0,0,0,0,0,0,0,0,0,0,0,0,125,0,128,0,0,245,0,0,0,0,249,0,0,0,0,0,0,0,0,115,0,0,0,0,0,0,0,0,0,248,250,251,
244,250,249,0,0,0,0,0,0,0,0,0,0,0,246,247,0,245,246,245,251,0,244,247,0,0,0,246,246,245,0,0,0,0,124,0,0,114,0,244,0,0,0,0,0,0,0,249,245,251,
244,249,246,0,0,114,0,0,0,0,0,0,251,0,246,245,244,0,244,249,250,0,248,0,0,0,0,247,251,246,0,0,0,0,0,0,0,0,0,0,0,0,0,0,0,0,0,250,248,250,
245,244,246,0,0,0,0,124,0,0,0,0,114,0,0,250,128,245,245,124,125,250,244,128,0,0,0,128,244,244,115,124,0,115,0,0,0,0,114,0,0,0,0,0,0,0,0,248,248,249,
250,250,251,247,0,0,0,0,0,124,124,0,0,0,0,250,244,248,0,245,245,246,244,131,0,0,0,246,247,247,0,0,0,0,244,0,0,0,0,115,0,0,115,0,0,0,0,247,249,248,
251,248,251,251,0,0,114,0,0,0,0,0,0,0,0,0,246,0,245,128,246,131,244,0,0,0,0,0,249,246,0,245,0,0,0,114,0,0,0,0,0,0,0,0,0,0,247,248,249,249,
247,245,244,245,0,114,0,115,0,0,0,0,0,0,0,246,130,245,251,0,247,125,0,0,0,0,0,0,249,0,0,0,0,0,0,0,0,0,0,0,0,0,0,124,0,0,0,250,248,248,
248,244,250,248,0,0,125,0,0,0,0,0,0,0,0,245,246,251,129,0,0,0,0,0,0,0,0,0,0,0,0,0,0,0,0,115,0,0,0,125,0,0,0,0,125,124,249,248,246,245,
249,249,246,244,0,0,0,0,0,114,125,0,0,0,0,245,247,246,0,0,0,0,0,0,125,0,0,0,114,0,0,0,0,0,0,0,0,0,115,0,115,0,0,0,0,0,129,250,245,247,
245,250,248,245,0,0,0,0,0,0,0,124,0,0,0,0,0,0,0,0,124,0,0,0,0,0,0,0,0,0,0,0,0,0,0,0,0,0,0,0,0,0,0,0,0,0,246,247,250,248,
249,246,247,0,0,0,0,0,0,0,0,125,0,0,115,0,0,0,0,115,0,0,0,0,0,0,0,0,244,0,0,0,0,0,0,0,0,0,0,0,0,0,0,0,0,0,246,244,251,245,
246,251,245,0,0,0,0,244,0,0,0,0,0,0,0,0,0,0,0,0,0,0,0,0,0,0,0,246,130,0,0,124,0,0,0,0,0,0,0,0,0,0,0,0,0,0,0,246,248,248,
248,247,246,0,0,115,0,114,0,0,0,0,0,0,0,0,0,0,0,0,0,0,0,0,0,0,0,244,124,247,0,0,0,0,0,0,0,0,0,0,0,0,0,0,245,0,247,246,244,248,
248,245,244,125,0,0,0,0,0,0,0,0,0,0,0,0,0,0,0,0,0,0,115,0,0,0,0,247,0,0,114,0,0,0,0,0,0,245,245,0,0,0,0,0,247,0,0,247,246,245,
248,244,248,114,0,125,0,0,0,250,130,246,0,115,0,0,129,0,0,0,0,0,0,0,0,0,0,0,0,0,0,0,0,0,0,0,0,246,244,244,244,244,246,247,244,0,0,250,251,248,
245,244,251,0,0,0,124,0,244,247,245,247,0,0,0,0,0,0,0,0,0,0,0,0,0,0,0,0,0,0,0,0,0,0,0,0,0,0,246,247,247,246,247,248,250,0,0,245,248,246,
251,251,247,0,0,0,124,130,0,0,0,251,0,0,0,0,0,124,115,0,0,0,125,0,0,124,0,0,0,0,0,0,0,0,0,249,131,244,245,0,0,247,246,0,0,0,0,248,246,249,
0,0,0,0,0,0,0,124,250,245,247,244,0,0,0,0,0,0,0,124,0,0,0,0,0,0,0,0,0,0,0,0,0,0,0,0,0,245,247,0,247,249,0,0,125,0,0,0,0,0,
0,0,0,0,0,0,0,0,0,0,0,0,114,0,0,0,0,0,0,114,0,0,0,0,0,0,0,0,0,0,0,0,0,0,0,0,0,0,0,0,0,0,0,0,0,0,0,0,0,0,
0,0,0,0,0,0,0,0,0,0,0,0,0,0,0,0,0,0,0,125,0,0,0,0,0,0,0,0,0,0,0,0,0,0,0,0,0,0,0,0,0,0,0,0,0,0,0,0,0,0,
0,0,0,0,0,0,115,0,0,0,0,0,0,0,0,0,0,0,0,115,0,0,0,0,0,0,0,0,0,0,0,0,0,0,0,0,0,0,0,0,0,0,0,0,0,0,0,0,0,0,
250,249,250,0,114,0,0,0,0,0,0,0,0,0,0,0,0,0,0,0,115,0,0,0,0,124,0,0,0,115,0,0,0,0,0,0,0,0,0,0,0,0,114,0,125,0,115,248,244,245,
245,246,245,0,244,0,0,0,124,0,249,0,0,0,0,0,0,115,125,0,0,0,0,0,0,0,0,0,0,0,0,0,0,125,0,0,0,0,0,0,0,0,0,0,0,0,0,245,251,245,
248,248,251,0,0,0,0,124,125,0,124,115,0,0,0,0,0,0,0,0,0,0,0,0,0,0,0,0,0,0,0,0,0,0,0,0,0,0,0,0,0,0,131,0,0,0,0,249,246,247,
244,244,245,125,0,114,0,124,0,0,0,0,0,0,0,0,0,0,0,0,0,0,0,0,0,0,0,0,0,245,0,0,0,0,0,115,0,0,0,246,0,0,0,0,0,124,0,250,247,245,
248,250,249,0,0,124,0,0,125,0,0,0,0,0,0,0,0,0,125,0,0,0,0,0,0,0,0,0,250,251,0,0,114,0,0,0,0,0,0,124,0,0,0,0,0,0,0,250,244,245,
250,247,244,0,0,0,0,114,0,0,0,0,0,0,0,0,0,0,0,0,0,0,0,0,0,0,0,246,0,246,0,0,0,0,0,0,0,0,0,0,124,0,0,0,0,0,0,247,250,247,
251,250,246,114,0,0,0,124,0,0,0,0,0,0,0,0,0,0,0,0,0,0,0,0,0,0,0,245,245,244,114,0,0,0,0,0,0,0,0,0,0,0,0,0,0,0,0,249,247,247,
246,250,249,0,125,0,0,0,0,0,0,0,0,0,0,0,0,0,0,0,0,0,0,0,0,0,0,247,130,0,0,0,0,0,0,0,0,0,0,0,0,0,0,0,0,0,0,251,244,250,
248,251,250,0,0,0,114,0,244,0,0,0,0,0,0,114,0,0,0,0,0,0,0,0,0,0,0,244,246,131,0,0,0,0,0,0,0,0,0,0,114,0,0,0,0,0,0,245,245,247,
248,244,247,0,0,0,0,0,0,0,0,0,0,0,0,0,129,0,0,0,0,0,0,0,0,0,0,245,249,245,0,0,0,0,0,115,124,0,0,125,0,0,0,115,0,0,0,251,249,246,
246,247,245,0,0,0,0,125,0,0,0,0,0,0,0,246,129,0,0,0,125,114,0,0,0,0,0,246,0,247,0,0,0,246,247,248,245,0,115,0,0,0,0,0,0,0,0,248,251,247,
250,245,244,0,0,0,0,0,0,0,0,0,0,0,247,246,244,244,247,0,128,245,115,0,0,0,0,0,246,0,125,245,0,0,246,245,244,129,245,0,0,0,0,129,246,0,0,249,251,247,
245,244,245,0,0,0,0,0,0,0,0,0,0,0,128,128,0,245,246,246,128,246,247,0,0,0,0,247,249,246,0,0,246,0,130,244,249,244,249,0,0,0,246,248,247,0,115,250,250,244,
248,251,245,0,0,0,0,0,0,0,0,0,124,0,0,247,245,0,250,247,0,0,247,245,0,0,0,250,245,249,250,248,246,125,245,0,0,249,0,244,114,247,0,251,248,115,0,251,251,246,
245,249,246,0,0,0,0,0,0,0,125,0,0,0,0,0,249,248,0,0,249,245,250,0,0,0,0,0,246,244,129,0,0,0,0,247,0,0,244,246,246,245,249,246,246,124,114,251,249,246,
245,249,251,0,0,0,0,0,0,0,115,0,0,0,0,0,249,0,245,129,249,251,247,244,0,0,0,250,0,244,244,247,129,130,0,245,250,247,245,0,246,128,0,0,0,0,0,247,251,246,
244,248,247,0,0,0,125,0,0,125,0,0,0,0,0,0,0,0,248,0,0,246,251,246,0,114,0,247,0,248,125,246,246,128,249,246,247,0,244,245,247,251,246,0,0,0,0,247,251,244,
246,247,247,0,0,0,0,0,0,0,115,0,0,0,0,0,0,0,0,245,244,244,246,245,0,0,0,0,247,124,247,0,0,0,0,114,0,0,128,128,246,245,245,0,0,0,0,251,251,247,
250,249,244,0,0,0,115,0,0,0,0,0,0,0,0,0,0,0,0,0,0,0,0,0,0,0,0,247,0,246,0,0,0,0,0,0,0,0,0,0,0,247,248,124,0,114,0,244,246,250,
246,251,251,0,0,0,0,0,0,0,125,125,0,0,0,0,0,0,0,0,0,0,0,0,124,0,0,251,247,0,244,0,114,0,0,0,0,0,124,249,244,0,247,0,0,0,0,250,250,245,
247,244,249,248,246,251,248,250,250,249,249,250,244,251,249,245,250,247,246,251,246,244,247,0,0,0,0,246,250,251,251,249,246,246,250,245,250,248,245,244,249,251,247,248,250,248,245,246,244,246,
244,245,250,247,251,247,250,248,246,249,251,249,250,249,250,248,247,245,244,249,244,251,246,0,0,0,0,250,251,244,248,250,246,245,245,244,246,245,249,250,248,251,245,249,251,249,245,247,246,246,
250,246,244,245,249,250,250,244,251,248,251,251,244,249,249,249,251,250,251,247,247,251,244,0,0,0,0,247,246,248,251,245,244,251,244,248,244,246,245,249,245,248,250,245,244,244,245,249,251,250

[layer]
type=collision
data=
1,1,1,1,1,1,1,1,1,1,1,1,1,1,1,1,1,1,1,1,1,1,1,0,0,0,0,1,1,1,1,1,1,1,1,1,1,1,1,1,1,1,1,1,1,1,1,1,1,1,
1,1,1,1,1,1,1,1,1,1,1,1,1,1,1,1,1,1,1,1,1,1,1,0,0,0,0,1,1,1,1,1,1,1,1,1,1,1,1,1,1,1,1,1,1,1,1,1,1,1,
1,1,1,1,1,1,1,1,1,1,1,1,1,1,1,1,1,1,1,1,1,1,1,0,0,0,0,1,1,1,1,1,1,1,1,1,1,1,1,1,1,1,1,1,1,1,1,1,1,1,
1,1,1,0,0,0,0,0,0,0,0,0,0,0,0,0,0,0,0,0,0,1,0,0,0,0,0,0,0,0,0,0,0,0,0,0,0,0,0,0,0,0,0,0,0,0,0,1,1,1,
1,1,1,0,0,0,0,0,0,0,0,0,0,0,0,0,0,0,0,1,1,0,2,0,0,0,0,0,0,0,0,0,0,0,0,0,0,0,0,0,0,0,0,0,0,0,0,1,1,1,
1,1,1,0,0,0,0,0,0,0,0,0,1,0,0,0,0,0,1,1,1,0,0,1,0,0,0,1,0,0,0,0,0,0,0,0,0,0,0,0,0,0,0,0,0,0,0,1,1,1,
1,1,1,0,0,0,0,0,0,0,0,0,0,0,0,0,0,0,0,0,2,0,0,1,0,0,0,0,1,0,0,0,0,0,0,0,0,0,0,0,0,0,0,0,0,0,0,1,1,1,
1,1,1,0,0,0,0,0,0,0,0,0,0,0,1,1,0,1,1,1,1,0,1,1,0,0,0,1,1,1,0,0,0,0,0,0,0,0,0,1,0,0,0,0,0,0,0,1,1,1,
1,1,1,0,0,0,0,0,0,0,0,0,1,0,1,1,1,0,1,1,1,0,1,0,0,0,0,1,1,1,0,0,0,0,0,0,0,0,0,0,0,0,0,0,0,0,0,1,1,1,
1,1,1,0,0,0,0,0,0,0,0,0,0,0,0,1,2,1,1,0,0,1,1,2,0,0,0,2,1,1,0,0,0,0,0,0,0,0,0,0,0,0,0,0,0,0,0,1,1,1,
1,1,1,1,0,0,0,0,0,0,0,0,0,0,0,1,1,1,0,1,1,1,1,2,0,0,0,1,1,1,0,0,0,0,1,0,0,0,0,0,0,0,0,0,0,0,0,1,1,1,
1,1,1,1,0,0,0,0,0,0,0,0,0,0,0,0,1,0,1,2,1,2,1,0,0,0,0,0,1,1,0,1,0,0,0,0,0,0,0,0,0,0,0,0,0,0,1,1,1,1,
1,1,1,1,0,0,0,0,0,0,0,0,0,0,0,1,2,1,1,0,1,0,0,0,0,0,0,0,1,0,0,0,0,0,0,0,0,0,0,0,0,0,0,0,0,0,0,1,1,1,
1,1,1,1,0,0,0,0,0,0,0,0,0,0,0,1,1,1,2,0,0,0,0,0,0,0,0,0,0,0,0,0,0,0,0,0,0,0,0,0,0,0,0,0,0,0,1,1,1,1,
1,1,1,1,0,0,0,0,0,0,0,0,0,0,0,1,1,1,0,0,0,0,0,0,0,0,0,0,0,0,0,0,0,0,0,0,0,0,0,0,0,0,0,0,0,0,2,1,1,1,
1,1,1,1,0,0,0,0,0,0,0,0,0,0,0,0,0,0,0,0,0,0,0,0,0,0,0,0,0,0,0,0,0,0,0,0,0,0,0,0,0,0,0,0,0,0,1,1,1,1,
1,1,1,0,0,0,0,0,0,0,0,0,0,0,0,0,0,0,0,0,0,0,0,0,0,0,0,0,1,0,0,0,0,0,0,0,0,0,0,0,0,0,0,0,0,0,1,1,1,1,
1,1,1,0,0,0,0,1,0,0,0,0,0,0,0,0,0,0,0,0,0,0,0,0,0,0,0,1,2,0,0,0,0,0,0,0,0,0,0,0,0,0,0,0,0,0,0,1,1,1,
1,1,1,0,0,0,0,0,0,0,0,0,0,0,0,0,0,0,0,0,0,0,0,0,0,0,0,1,0,1,0,0,0,0,0,0,0,0,0,0,0,0,0,0,1,0,1,1,1,1,
1,1,1,0,0,0,0,0,0,0,0,0,0,0,0,0,0,0,0,0,0,0,0,0,0,0,0,1,0,0,0,0,0,0,0,0,0,1,1,0,0,0,0,0,1,0,0,1,1,1,
1,1,1,0,0,0,0,0,0,1,2,1,0,0,0,0,2,0,0,0,0,0,0,0,0,0,0,0,0,0,0,0,0,0,0,0,0,1,1,1,1,1,1,1,1,0,0,1,1,1,
1,1,1,0,0,0,0,0,1,1,1,1,0,0,0,0,0,0,0,0,0,0,0,0,0,0,0,0,0,0,0,0,0,0,0,0,0,0,1,1,1,1,1,1,1,0,0,1,1,1,
1,1,1,0,0,0,0,2,0,0,0,1,0,0,0,0,0,0,0,0,0,0,0,0,0,0,0,0,0,0,0,0,0,0,0,1,2,1,1,0,0,1,1,0,0,0,0,1,1,1,
0,0,0,0,0,0,0,0,1,1,1,1,0,0,0,0,0,0,0,0,0,0,0,0,0,0,0,0,0,0,0,0,0,0,0,0,0,1,1,0,1,1,0,0,0,0,0,0,0,0,
0,0,0,0,0,0,0,0,0,0,0,0,0,0,0,0,0,0,0,0,0,0,0,0,0,0,0,0,0,0,0,0,0,0,0,0,0,0,0,0,0,0,0,0,0,0,0,0,0,0,
0,0,0,0,0,0,0,0,0,0,0,0,0,0,0,0,0,0,0,0,0,0,0,0,0,0,0,0,0,0,0,0,0,0,0,0,0,0,0,0,0,0,0,0,0,0,0,0,0,0,
0,0,0,0,0,0,0,0,0,0,0,0,0,0,0,0,0,0,0,0,0,0,0,0,0,0,0,0,0,0,0,0,0,0,0,0,0,0,0,0,0,0,0,0,0,0,0,0,0,0,
1,1,1,0,0,0,0,0,0,0,0,0,0,0,0,0,0,0,0,0,0,0,0,0,0,0,0,0,0,0,0,0,0,0,0,0,0,0,0,0,0,0,0,0,0,0,0,1,1,1,
1,1,1,0,1,0,0,0,0,0,1,0,0,0,0,0,0,0,0,0,0,0,0,0,0,0,0,0,0,0,0,0,0,0,0,0,0,0,0,0,0,0,0,0,0,0,0,1,1,1,
1,1,1,0,0,0,0,0,0,0,0,0,0,0,0,0,0,0,0,0,0,0,0,0,0,0,0,0,0,0,0,0,0,0,0,0,0,0,0,0,0,0,2,0,0,0,0,1,1,1,
1,1,1,0,0,0,0,0,0,0,0,0,0,0,0,0,0,0,0,0,0,0,0,0,0,0,0,0,0,1,0,0,0,0,0,0,0,0,0,1,0,0,0,0,0,0,0,1,1,1,
1,1,1,0,0,0,0,0,0,0,0,0,0,0,0,0,0,0,0,0,0,0,0,0,0,0,0,0,1,1,0,0,0,0,0,0,0,0,0,0,0,0,0,0,0,0,0,1,1,1,
1,1,1,0,0,0,0,0,0,0,0,0,0,0,0,0,0,0,0,0,0,0,0,0,0,0,0,1,0,1,0,0,0,0,0,0,0,0,0,0,0,0,0,0,0,0,0,1,1,1,
1,1,1,0,0,0,0,0,0,0,0,0,0,0,0,0,0,0,0,0,0,0,0,0,0,0,0,1,1,1,0,0,0,0,0,0,0,0,0,0,0,0,0,0,0,0,0,1,1,1,
1,1,1,0,0,0,0,0,0,0,0,0,0,0,0,0,0,0,0,0,0,0,0,0,0,0,0,1,2,0,0,0,0,0,0,0,0,0,0,0,0,0,0,0,0,0,0,1,1,1,
1,1,1,0,0,0,0,0,1,0,0,0,0,0,0,0,0,0,0,0,0,0,0,0,0,0,0,1,1,2,0,0,0,0,0,0,0,0,0,0,0,0,0,0,0,0,0,1,1,1,
1,1,1,0,0,0,0,0,0,0,0,0,0,0,0,0,2,0,0,0,0,0,0,0,0,0,0,1,1,1,0,0,0,0,0,0,0,0,0,0,0,0,0,0,0,0,0,1,1,1,
1,1,1,0,0,0,0,0,0,0,0,0,0,0,0,1,2,0,0,0,0,0,0,0,0,0,0,1,0,1,0,0,0,1,1,1,1,0,0,0,0,0,0,0,0,0,0,1,1,1,
1,1,1,0,0,0,0,0,0,0,0,0,0,0,1,1,1,1,1,0,2,1,0,0,0,0,0,0,1,0,0,1,0,0,1,1,1,2,1,0,0,0,0,2,1,0,0,1,1,1,
1,1,1,0,0,0,0,0,0,0,0,0,0,0,2,2,0,1,1,1,2,1,1,0,0,0,0,1,1,1,0,0,1,0,2,1,1,1,1,0,0,0,1,1,1,0,0,1,1,1,
1,1,1,0,0,0,0,0,0,0,0,0,0,0,0,1,1,0,1,1,0,0,1,1,0,0,0,1,1,1,1,1,1,0,1,0,0,1,0,1,0,1,0,1,1,0,0,1,1,1,
1,1,1,0,0,0,0,0,0,0,0,0,0,0,0,0,1,1,0,0,1,1,1,0,0,0,0,0,1,1,2,0,0,0,0,1,0,0,1,1,1,1,1,1,1,0,0,1,1,1,
1,1,1,0,0,0,0,0,0,0,0,0,0,0,0,0,1,0,1,2,1,1,1,1,0,0,0,1,0,1,1,1,2,2,0,1,1,1,1,0,1,2,0,0,0,0,0,1,1,1,
1,1,1,0,0,0,0,0,0,0,0,0,0,0,0,0,0,0,1,0,0,1,1,1,0,0,0,1,0,1,0,1,1,2,1,1,1,0,1,1,1,1,1,0,0,0,0,1,1,1,
1,1,1,0,0,0,0,0,0,0,0,0,0,0,0,0,0,0,0,1,1,1,1,1,0,0,0,0,1,0,1,0,0,0,0,0,0,0,2,2,1,1,1,0,0,0,0,1,1,1,
1,1,1,0,0,0,0,0,0,0,0,0,0,0,0,0,0,0,0,0,0,0,0,0,0,0,0,1,0,1,0,0,0,0,0,0,0,0,0,0,0,1,1,0,0,0,0,1,1,1,
1,1,1,0,0,0,0,0,0,0,0,0,0,0,0,0,0,0,0,0,0,0,0,0,0,0,0,1,1,0,1,0,0,0,0,0,0,0,0,1,1,0,1,0,0,0,0,1,1,1,
1,1,1,1,1,1,1,1,1,1,1,1,1,1,1,1,1,1,1,1,1,1,1,0,0,0,0,1,1,1,1,1,1,1,1,1,1,1,1,1,1,1,1,1,1,1,1,1,1,1,
1,1,1,1,1,1,1,1,1,1,1,1,1,1,1,1,1,1,1,1,1,1,1,0,0,0,0,1,1,1,1,1,1,1,1,1,1,1,1,1,1,1,1,1,1,1,1,1,1,1,
1,1,1,1,1,1,1,1,1,1,1,1,1,1,1,1,1,1,1,1,1,1,1,0,0,0,0,1,1,1,1,1,1,1,1,1,1,1,1,1,1,1,1,1,1,1,1,1,1,1

[event]
type=event
# to planalto_b
location=23,0,4,1
activate=on_trigger
hotspot=location
intermap=maps/world/planalto_b.txt,25,45
tooltip=Trono de Cinzas

[event]
type=event
# to aurora_b
location=23,49,4,1
activate=on_trigger
hotspot=location
intermap=maps/world/aurora_b.txt,25,4
tooltip=Campos da Aurora

[event]
type=event
# to pantano_a
location=0,23,1,4
activate=on_trigger
hotspot=location
intermap=maps/world/pantano_a.txt,45,25
tooltip=Brejo dos Ossos

[event]
type=event
# to rubras_a
location=49,23,1,4
activate=on_trigger
hotspot=location
intermap=maps/world/rubras_a.txt,4,25
tooltip=Forte da Fronteira


[enemy]
type=enemy
location=19,34,3,3
category=rd_mummy
number=2,4
spawn_level=fixed,7

[enemy]
type=enemy
location=10,32,3,3
category=rd_skeleton
number=2,3
spawn_level=fixed,7

[enemy]
type=enemy
location=31,19,3,3
category=rd_skeletal_archer
number=2,4
spawn_level=fixed,7

[enemy]
type=enemy
location=11,10,3,3
category=rd_beheaded_one
number=2,4
spawn_level=fixed,9

[enemy]
type=enemy
location=39,33,3,3
category=rd_ghost
number=2,4
spawn_level=fixed,7

[enemy]
type=enemy
location=24,12,3,3
category=rd_skeletal_warrior
number=1,2
spawn_level=fixed,7

[enemy]
type=enemy
location=40,16,3,3
category=rd_skeletal_warrior
number=2,4
spawn_level=fixed,8

[enemy]
type=enemy
# boss (stays dead until the hero visits a town)
location=7,40,1,1
category=rd_giant_skeleton
number=1
spawn_level=fixed,11
requires_not_status=rd_boss_down_rd_giant_skeleton

[enemy]
type=enemy
location=35,26,3,3
category=rd_skeletal_archer
number=1,2
spawn_level=fixed,7
