# GENERATED by tools/gen_serpents.py -- edit SPECIES there, not this file.
image=images/enemies/rd_boitata_0.png,s0
image=images/enemies/rd_boitata_1.png,s1
image=images/enemies/rd_boitata_2.png,s2
image=images/enemies/rd_boitata_3.png,s3

[stance]
frames=4
duration=533ms
type=back_forth
frame=0,0,308,1541,307,130,141,94,s2
frame=0,1,1094,1557,249,194,113,123,s0
frame=0,2,0,253,132,232,54,137,s0
frame=0,3,962,1146,236,203,123,123,s0
frame=0,4,1740,580,307,138,166,90,s2
frame=0,5,0,998,248,136,135,77,s2
frame=0,6,1887,1095,132,161,78,101,s1
frame=0,7,245,294,235,142,113,96,s2
frame=1,0,0,1135,308,135,141,101,s2
frame=1,1,589,1557,254,195,113,127,s0
frame=1,2,1217,0,132,235,50,140,s0
frame=1,3,0,935,230,210,117,127,s0
frame=1,4,778,149,308,143,167,93,s2
frame=1,5,1628,1271,254,133,141,74,s2
frame=1,6,0,1260,132,161,82,101,s1
frame=1,7,1702,721,230,137,113,91,s2
frame=2,0,231,0,310,123,141,90,s3
frame=2,1,765,0,260,189,113,123,s1
frame=2,2,828,0,133,241,48,145,s0
frame=2,3,675,935,225,209,112,123,s0
frame=2,4,481,294,310,142,169,90,s2
frame=2,5,333,1407,259,132,146,73,s2
frame=2,6,1489,1095,131,162,84,102,s1
frame=2,7,975,580,225,139,113,93,s2
frame=3,0,1296,125,312,118,141,86,s3
frame=3,1,1323,191,264,185,113,121,s1
frame=3,2,1391,253,134,229,48,133,s0
frame=3,3,1683,935,221,207,108,119,s0
frame=3,4,1201,580,312,139,171,86,s2
frame=3,5,309,1135,264,135,151,78,s2
frame=3,6,1621,1095,133,162,86,102,s1
frame=3,7,0,580,221,140,113,94,s2

[run]
frames=8
duration=533ms
type=looped
frame=0,0,964,246,332,113,153,76,s3
frame=0,1,0,0,259,190,122,113,s1
frame=0,2,1526,253,123,229,55,129,s0
frame=0,3,1344,1557,256,194,134,113,s0
frame=0,4,1169,0,332,120,179,76,s3
frame=0,5,792,294,259,142,137,83,s2
frame=0,6,1814,565,123,176,68,106,s1
frame=0,7,0,0,256,148,122,93,s2
frame=1,0,1297,246,333,113,153,81,s3
frame=1,1,985,379,275,182,122,113,s1
frame=1,2,665,253,124,230,47,129,s0
frame=1,3,478,1146,241,204,119,115,s0
frame=1,4,1488,1801,333,124,180,76,s2
frame=1,5,0,860,275,137,153,79,s2
frame=1,6,0,747,124,176,77,106,s1
frame=1,7,1466,1739,241,150,122,95,s1
frame=2,0,0,477,335,109,153,77,s3
frame=2,1,252,565,282,180,122,113,s1
frame=2,2,790,253,126,230,48,129,s0
frame=2,3,243,1146,234,205,112,113,s0
frame=2,4,816,1801,335,125,182,76,s2
frame=2,5,725,1271,282,134,160,79,s2
frame=2,6,125,747,125,176,78,106,s1
frame=2,7,990,1583,234,153,122,97,s1
frame=3,0,1631,246,333,113,153,76,s3
frame=3,1,1588,191,274,185,122,113,s1
frame=3,2,1650,253,121,229,53,129,s0
frame=3,3,0,1146,242,206,120,120,s0
frame=3,4,1502,0,333,120,180,76,s3
frame=3,5,276,860,274,137,152,82,s2
frame=3,6,818,565,123,179,69,109,s1
frame=3,7,1565,1892,242,149,122,92,s1
frame=4,0,0,125,332,120,153,76,s3
frame=4,1,1601,1557,256,194,122,113,s0
frame=4,2,1772,253,123,229,68,129,s0
frame=4,3,260,0,259,190,137,113,s1
frame=4,4,0,363,332,113,179,76,s3
frame=4,5,1391,0,256,144,134,89,s2
frame=4,6,251,747,123,176,55,106,s1
frame=4,7,1052,294,259,142,122,83,s2
frame=5,0,964,1673,333,126,153,78,s2
frame=5,1,720,1146,241,204,122,115,s0
frame=5,2,917,253,124,230,77,129,s0
frame=5,3,1261,379,275,182,153,113,s1
frame=5,4,429,477,333,108,180,76,s3
frame=5,5,1708,1739,241,150,119,95,s1
frame=5,6,375,747,124,176,47,106,s1
frame=5,7,551,860,275,137,122,79,s2
frame=6,0,1152,1801,335,125,153,76,s2
frame=6,1,901,935,234,209,122,117,s0
frame=6,2,1042,253,126,230,78,129,s0
frame=6,3,535,565,282,180,160,113,s1
frame=6,4,763,477,335,108,182,76,s3
frame=6,5,1225,1583,234,153,112,97,s1
frame=6,6,500,747,125,176,47,106,s1
frame=6,7,593,1407,282,132,122,77,s2
frame=7,0,333,125,333,120,153,76,s3
frame=7,1,709,1353,242,199,122,113,s0
frame=7,2,1350,0,121,235,68,135,s0
frame=7,3,0,379,274,185,152,113,s1
frame=7,4,333,363,333,113,180,76,s3
frame=7,5,1543,1422,242,155,120,98,s1
frame=7,6,626,747,123,176,54,106,s1
frame=7,7,827,860,274,137,122,82,s2

[swing]
frames=4
duration=550ms
type=play_once
active_frame=2
frame=0,0,0,721,280,138,109,101,s2
frame=0,1,1742,1353,236,196,91,123,s0
frame=0,2,1077,0,139,238,56,140,s0
frame=0,3,1136,935,216,209,125,124,s0
frame=0,4,1739,1583,280,152,171,101,s1
frame=0,5,876,1407,236,132,145,80,s2
frame=0,6,0,1739,138,152,83,107,s1
frame=0,7,941,1541,216,129,91,94,s2
frame=1,0,1648,0,273,144,97,107,s2
frame=1,1,952,1353,232,199,82,125,s0
frame=1,2,1748,0,140,233,56,132,s0
frame=1,3,1645,714,211,212,129,125,s0
frame=1,4,133,1260,273,161,176,109,s1
frame=1,5,1102,860,232,137,150,89,s2
frame=1,6,491,0,140,146,84,106,s2
frame=1,7,0,1673,211,127,82,96,s2
frame=2,0,1099,477,353,108,229,67,s3
frame=2,1,1238,1754,264,193,175,131,s0
frame=2,2,962,0,114,239,63,166,s0
frame=2,3,1546,0,278,188,103,131,s1
frame=2,4,142,694,353,102,124,67,s3
frame=2,5,745,1422,263,157,88,67,s1
frame=2,6,0,1557,114,196,51,80,s0
frame=2,7,1460,1583,278,153,175,63,s1
frame=3,0,0,246,324,116,178,80,s3
frame=3,1,1026,0,258,189,140,125,s1
frame=3,2,1896,253,125,228,52,144,s0
frame=3,3,1273,1353,249,197,109,125,s0
frame=3,4,616,1541,324,130,146,84,s2
frame=3,5,0,438,258,141,118,70,s2
frame=3,6,0,924,125,170,73,90,s1
frame=3,7,222,580,249,140,140,79,s2

[cast]
frames=4
duration=700ms
type=play_once
active_frame=2
frame=0,0,1087,149,283,143,115,104,s2
frame=0,1,474,1353,234,201,95,128,s0
frame=0,2,1472,0,137,234,59,138,s0
frame=0,3,231,935,221,210,126,128,s0
frame=0,4,139,1739,283,152,168,104,s1
frame=0,5,1113,1407,233,132,138,82,s2
frame=0,6,1009,1422,137,157,78,109,s1
frame=0,7,212,1673,221,127,95,90,s2
frame=1,0,1147,1422,283,156,115,117,s1
frame=1,1,705,714,234,213,95,140,s0
frame=1,2,414,0,137,246,59,150,s0
frame=1,3,1196,486,221,222,126,140,s0
frame=1,4,1408,924,283,164,168,116,s1
frame=1,5,259,438,233,141,138,91,s2
frame=1,6,0,1892,137,150,78,102,s1
frame=1,7,0,1407,221,133,95,96,s2
frame=2,0,1693,1260,283,160,115,121,s1
frame=2,1,241,714,234,218,95,145,s0
frame=2,2,0,0,137,252,59,156,s0
frame=2,3,0,486,221,227,126,145,s0
frame=2,4,126,924,283,169,168,121,s1
frame=2,5,138,1892,233,150,138,100,s1
frame=2,6,372,1892,137,150,78,102,s1
frame=2,7,1008,1271,221,134,95,97,s2
frame=3,0,0,1583,283,155,115,116,s1
frame=3,1,940,714,234,213,95,140,s0
frame=3,2,552,0,137,246,59,150,s0
frame=3,3,1418,486,221,222,126,140,s0
frame=3,4,1692,924,283,164,168,116,s1
frame=3,5,493,438,233,141,138,91,s2
frame=3,6,852,1583,137,154,78,106,s1
frame=3,7,1158,1541,221,128,95,91,s2

[shoot]
frames=4
duration=700ms
type=play_once
active_frame=2
frame=0,0,1371,149,283,143,115,104,s2
frame=0,1,1199,1146,234,203,95,130,s0
frame=0,2,1610,0,137,234,59,138,s0
frame=0,3,453,935,221,210,126,128,s0
frame=0,4,423,1739,283,152,168,104,s1
frame=0,5,574,1135,233,135,138,85,s2
frame=0,6,510,1892,137,150,78,102,s1
frame=0,7,434,1673,221,127,95,90,s2
frame=1,0,284,1583,283,155,115,116,s1
frame=1,1,1175,714,234,213,95,140,s0
frame=1,2,276,0,137,250,59,154,s0
frame=1,3,1640,486,221,222,126,140,s0
frame=1,4,0,1095,283,164,168,116,s1
frame=1,5,727,438,233,141,138,91,s2
frame=1,6,648,1892,137,150,78,102,s1
frame=1,7,1347,1407,221,132,95,95,s2
frame=2,0,284,1095,283,164,115,125,s1
frame=2,1,836,486,234,223,95,150,s0
frame=2,2,138,0,137,252,59,156,s0
frame=2,3,1169,253,221,230,126,148,s0
frame=2,4,1409,565,283,177,168,129,s1
frame=2,5,257,0,233,147,138,97,s2
frame=2,6,786,1892,137,150,78,102,s1
frame=2,7,1230,1271,221,134,95,97,s2
frame=3,0,568,1583,283,155,115,116,s1
frame=3,1,1410,714,234,213,95,140,s0
frame=3,2,690,0,137,246,59,150,s0
frame=3,3,222,486,221,227,126,145,s0
frame=3,4,568,1095,283,164,168,116,s1
frame=3,5,961,438,233,141,138,91,s2
frame=3,6,924,1892,137,150,78,102,s1
frame=3,7,1380,1541,221,128,95,91,s2

[block]
frames=2
duration=200ms
type=play_once
frame=0,0,1602,1541,307,128,141,92,s2
frame=0,1,0,1754,249,194,113,123,s0
frame=0,2,133,253,132,232,54,137,s0
frame=0,3,1434,1146,236,203,123,123,s0
frame=0,4,1195,438,307,141,166,93,s2
frame=0,5,1503,438,248,141,135,82,s2
frame=0,6,407,1260,132,161,78,101,s1
frame=0,7,808,1135,235,135,113,89,s2
frame=1,0,542,0,310,123,141,90,s3
frame=1,1,1285,0,260,189,113,123,s1
frame=1,2,1889,0,133,233,48,137,s0
frame=1,3,1353,935,225,209,112,123,s0
frame=1,4,1312,294,310,142,169,90,s2
frame=1,5,281,721,259,138,146,79,s2
frame=1,6,1755,1095,131,162,84,102,s1
frame=1,7,1514,580,225,139,113,93,s2

[hit]
frames=2
duration=133ms
type=back_forth
frame=0,0,656,1673,307,127,125,91,s2
frame=0,1,844,1557,249,195,102,118,s0
frame=0,2,444,486,132,225,54,122,s0
frame=0,3,115,1557,236,196,134,110,s0
frame=0,4,1569,1407,307,131,182,83,s2
frame=0,5,249,998,248,136,146,82,s2
frame=0,6,540,1260,132,161,78,109,s1
frame=0,7,1044,1135,236,135,102,94,s2
frame=1,0,667,125,307,119,125,83,s3
frame=1,1,0,191,249,187,102,110,s1
frame=1,2,577,486,132,225,54,122,s0
frame=1,3,352,1557,236,196,134,110,s0
frame=1,4,0,1541,307,131,182,83,s2
frame=1,5,498,998,248,136,146,82,s2
frame=1,6,673,1260,132,161,78,109,s1
frame=1,7,541,721,236,138,102,97,s2

[die]
frames=6
duration=800ms
type=play_once
frame=0,0,1298,1673,307,126,141,90,s2
frame=0,1,250,1754,249,194,113,123,s0
frame=0,2,266,253,132,232,54,137,s0
frame=0,3,1671,1146,236,203,123,123,s0
frame=0,4,778,721,307,138,166,90,s2
frame=0,5,747,998,248,136,135,77,s2
frame=0,6,806,1260,132,161,78,101,s1
frame=0,7,1281,1135,235,135,113,89,s2
frame=1,0,996,363,315,112,142,77,s3
frame=1,1,275,379,252,185,114,112,s1
frame=1,2,1071,486,124,223,51,126,s0
frame=1,3,1503,1754,240,193,126,112,s0
frame=1,4,853,0,315,123,173,77,s3
frame=1,5,996,998,251,136,137,78,s2
frame=1,6,410,924,124,169,73,107,s1
frame=1,7,1517,1135,240,135,114,88,s2
frame=2,0,946,587,326,104,145,69,s3
frame=2,1,1744,1754,257,193,116,117,s0
frame=2,2,0,714,120,220,50,119,s0
frame=2,3,250,191,249,187,133,104,s1
frame=2,4,637,246,326,114,181,69,s3
frame=2,5,472,580,257,140,141,81,s2
frame=2,6,1693,565,120,177,70,106,s1
frame=2,7,882,0,249,145,116,89,s2
frame=3,0,1527,694,333,97,147,63,s3
frame=3,1,1515,747,260,173,117,97,s1
frame=3,2,476,714,113,216,48,113,s0
frame=3,3,643,379,253,183,136,100,s1
frame=3,4,1273,587,333,104,186,61,s3
frame=3,5,0,149,260,144,143,81,s2
frame=3,6,500,191,113,186,65,108,s1
frame=3,7,707,1739,253,152,117,89,s1
frame=4,0,1447,798,336,91,148,59,s3
frame=4,1,918,924,258,167,116,92,s1
frame=4,2,1579,935,103,209,44,107,s0
frame=4,3,750,747,252,176,136,94,s1
frame=4,4,1694,587,336,103,188,63,s3
frame=4,5,1132,0,258,145,142,80,s2
frame=4,6,1825,0,103,188,59,107,s1
frame=4,7,961,1739,252,152,116,87,s1
frame=5,0,1298,896,328,78,145,51,s3
frame=5,1,250,1422,249,158,113,89,s1
frame=5,2,1523,1353,87,197,37,101,s0
frame=5,3,939,1260,243,161,130,85,s1
frame=5,4,336,896,327,82,182,49,s3
frame=5,5,1062,1892,249,150,136,88,s1
frame=5,6,897,379,87,183,50,105,s1
frame=5,7,500,1422,244,158,113,96,s1

[critdie]
frames=8
duration=1066ms
type=play_once
frame=0,0,1606,1673,307,126,141,90,s2
frame=0,1,500,1754,249,194,113,123,s0
frame=0,2,399,253,132,232,54,137,s0
frame=0,3,0,1353,236,203,123,123,s0
frame=0,4,1086,721,307,138,166,90,s2
frame=0,5,1248,998,248,136,135,77,s2
frame=0,6,1183,1260,132,161,78,101,s1
frame=0,7,1758,1135,235,135,113,89,s2
frame=1,0,325,246,311,115,141,80,s3
frame=1,1,614,191,250,186,113,114,s1
frame=1,2,710,486,125,224,51,128,s0
frame=1,3,750,1754,237,194,124,114,s0
frame=1,4,0,1801,312,126,171,80,s2
frame=1,5,0,1271,249,135,136,77,s2
frame=1,6,1110,1095,125,163,74,102,s1
frame=1,7,250,1271,238,135,113,88,s2
frame=2,0,1453,477,320,108,144,73,s3
frame=2,1,1537,379,254,182,115,108,s1
frame=2,2,1862,486,123,221,51,122,s0
frame=2,3,520,0,244,190,129,108,s1
frame=2,4,975,125,320,119,176,73,s3
frame=2,5,1335,860,254,137,139,79,s2
frame=2,6,535,924,123,169,72,104,s1
frame=2,7,730,580,244,140,115,89,s2
frame=3,0,0,587,328,106,146,71,s3
frame=3,1,942,565,258,179,116,103,s1
frame=3,2,121,714,119,219,50,118,s0
frame=3,3,865,191,249,186,133,103,s1
frame=3,4,667,363,328,113,182,68,s3
frame=3,5,1623,294,257,142,141,83,s2
frame=3,6,1201,565,119,179,69,107,s1
frame=3,7,632,0,249,146,116,89,s2
frame=4,0,819,694,332,98,147,64,s3
frame=4,1,1255,747,259,174,116,98,s1
frame=4,2,590,714,114,215,48,113,s0
frame=4,3,0,565,251,181,135,98,s1
frame=4,4,462,587,332,105,185,62,s3
frame=4,5,1655,149,259,143,142,81,s2
frame=4,6,528,379,114,184,66,107,s1
frame=4,7,1312,1892,252,150,117,89,s1
frame=5,0,801,798,333,94,147,61,s3
frame=5,1,659,924,258,169,116,94,s1
frame=5,2,1857,714,106,211,45,109,s0
frame=5,3,1003,747,251,176,135,94,s1
frame=5,4,0,798,333,97,186,57,s3
frame=5,5,261,149,258,144,142,80,s2
frame=5,6,1115,191,106,186,61,107,s1
frame=5,7,1214,1739,251,152,116,88,s1
frame=6,0,0,896,335,89,148,58,s3
frame=6,1,852,1095,257,164,116,90,s1
frame=6,2,1905,935,100,207,43,106,s0
frame=6,3,1776,747,251,171,135,90,s1
frame=6,4,334,798,335,96,187,58,s3
frame=6,5,520,149,257,144,141,79,s2
frame=6,6,1222,191,100,186,57,105,s1
frame=6,7,1236,1095,252,163,116,98,s1
frame=7,0,1627,896,328,78,145,51,s3
frame=7,1,0,1422,249,160,113,91,s1
frame=7,2,1185,1353,87,198,37,102,s0
frame=7,3,1316,1260,243,161,130,85,s1
frame=7,4,801,896,327,81,182,48,s3
frame=7,5,1497,998,249,136,136,74,s2
frame=7,6,1321,565,87,178,50,100,s1
frame=7,7,0,294,244,143,113,81,s2

[spawn]
frames=6
duration=800ms
type=play_once
frame=0,0,505,986,61,44,22,41,s3
frame=0,1,694,986,61,39,32,22,s3
frame=0,2,323,986,57,58,17,42,s3
frame=0,3,447,986,57,46,28,37,s3
frame=0,4,567,986,62,43,34,34,s3
frame=0,5,756,986,60,30,23,27,s3
frame=0,6,630,986,63,42,33,33,s3
frame=0,7,381,986,65,48,34,35,s3
frame=1,0,148,986,174,73,137,38,s3
frame=1,1,0,986,147,78,109,75,s3
frame=1,2,1607,587,86,104,43,96,s3
frame=1,3,664,896,136,82,27,74,s3
frame=1,4,1129,896,168,79,31,44,s3
frame=1,5,0,694,141,103,32,35,s3
frame=1,6,1312,363,86,110,43,28,s3
frame=1,7,496,694,146,102,109,34,s3
frame=2,0,1135,798,159,92,141,55,s3
frame=2,1,670,798,130,95,113,88,s3
frame=2,2,1774,477,94,107,47,98,s3
frame=2,3,795,587,150,105,37,84,s3
frame=2,4,1152,694,167,98,26,61,s3
frame=2,5,1295,798,151,92,38,23,s3
frame=2,6,336,477,92,109,46,26,s3
frame=2,7,329,587,132,106,113,37,s3
frame=3,0,1320,694,206,98,141,64,s3
frame=3,1,1752,438,159,141,113,97,s2
frame=3,2,1431,1422,111,156,47,111,s1
frame=3,3,1452,1271,175,134,62,98,s2
frame=3,4,1399,363,206,110,65,64,s3
frame=3,5,1606,363,159,110,46,46,s3
frame=3,6,222,1407,110,133,64,58,s2
frame=3,7,643,694,175,99,113,36,s3
frame=4,0,1609,125,261,118,141,77,s3
frame=4,1,1177,924,230,165,113,110,s1
frame=4,2,1611,1353,130,197,53,124,s0
frame=4,3,1792,379,194,182,81,110,s1
frame=4,4,1747,998,261,136,120,84,s2
frame=4,5,0,0,230,124,117,61,s3
frame=4,6,1912,438,130,141,77,74,s2
frame=4,7,313,1801,194,126,113,73,s2
frame=5,0,508,1801,307,126,141,90,s2
frame=5,1,988,1754,249,194,113,123,s0
frame=5,2,532,253,132,232,54,137,s0
frame=5,3,237,1353,236,203,123,123,s0
frame=5,4,1394,721,307,138,166,90,s2
frame=5,5,1590,860,248,137,135,78,s2
frame=5,6,1560,1260,132,161,78,101,s1
frame=5,7,489,1271,235,135,113,89,s2
