# GENERATED by tools/gen_serpents.py -- edit SPECIES there, not this file.
image=images/enemies/rd_camp_fogueira_0.png,s0

[stance]
frames=8
duration=900ms
type=looped
frame=0,0,1892,116,81,96,41,68,s0
frame=0,1,0,219,81,96,41,68,s0
frame=0,2,331,116,81,101,41,73,s0
frame=0,3,579,0,81,108,41,80,s0
frame=0,4,82,219,81,96,41,68,s0
frame=0,5,1736,0,81,103,41,75,s0
frame=0,6,1818,0,81,103,41,75,s0
frame=0,7,413,116,81,101,41,73,s0
frame=1,0,83,0,82,113,41,85,s0
frame=1,1,331,0,82,111,41,83,s0
frame=1,2,1900,0,82,102,41,74,s0
frame=1,3,0,116,82,102,41,74,s0
frame=1,4,83,116,82,102,41,74,s0
frame=1,5,743,0,82,106,41,78,s0
frame=1,6,1321,0,82,104,41,76,s0
frame=1,7,414,0,82,110,41,82,s0
frame=2,0,1404,0,82,104,41,76,s0
frame=2,1,1487,0,82,104,41,76,s0
frame=2,2,826,0,82,106,41,78,s0
frame=2,3,1074,0,82,105,41,77,s0
frame=2,4,909,0,82,106,41,78,s0
frame=2,5,248,0,82,112,41,84,s0
frame=2,6,1570,0,82,104,41,76,s0
frame=2,7,0,0,82,115,41,87,s0
frame=3,0,577,116,81,100,41,72,s0
frame=3,1,661,0,81,107,41,79,s0
frame=3,2,659,116,81,100,41,72,s0
frame=3,3,1157,0,81,105,41,77,s0
frame=3,4,741,116,81,100,41,72,s0
frame=3,5,823,116,81,100,41,72,s0
frame=3,6,1239,0,81,105,41,77,s0
frame=3,7,166,0,81,113,41,85,s0
frame=4,0,992,0,81,106,41,78,s0
frame=4,1,905,116,81,100,41,72,s0
frame=4,2,987,116,81,100,41,72,s0
frame=4,3,166,116,81,102,41,74,s0
frame=4,4,1069,116,81,100,41,72,s0
frame=4,5,1151,116,81,100,41,72,s0
frame=4,6,497,0,81,109,41,81,s0
frame=4,7,1233,116,81,100,41,72,s0
frame=5,0,164,219,82,96,41,68,s0
frame=5,1,1479,116,82,99,41,71,s0
frame=5,2,493,219,82,94,41,66,s0
frame=5,3,576,219,82,94,41,66,s0
frame=5,4,1727,116,82,97,41,69,s0
frame=5,5,659,219,82,94,41,66,s0
frame=5,6,742,219,82,94,41,66,s0
frame=5,7,1562,116,82,99,41,71,s0
frame=6,0,825,219,82,94,41,66,s0
frame=6,1,248,116,82,102,41,74,s0
frame=6,2,908,219,82,94,41,66,s0
frame=6,3,1157,219,82,92,41,64,s0
frame=6,4,1240,219,82,92,41,64,s0
frame=6,5,991,219,82,94,41,66,s0
frame=6,6,1653,0,82,104,41,76,s0
frame=6,7,1074,219,82,94,41,66,s0
frame=7,0,1315,116,81,100,41,72,s0
frame=7,1,1810,116,81,97,41,69,s0
frame=7,2,247,219,81,95,41,67,s0
frame=7,3,1397,116,81,100,41,72,s0
frame=7,4,329,219,81,95,41,67,s0
frame=7,5,1645,116,81,98,41,70,s0
frame=7,6,495,116,81,101,41,73,s0
frame=7,7,411,219,81,95,41,67,s0
