# GENERATED by tools/gen_serpents.py -- edit SPECIES there, not this file.
image=images/enemies/rd_camp_portal_0.png,s0

[stance]
frames=8
duration=900ms
type=looped
frame=0,0,708,153,145,145,74,134,s0
frame=0,1,289,445,145,140,74,129,s0
frame=0,2,435,445,145,140,74,129,s0
frame=0,3,581,445,145,140,74,129,s0
frame=0,4,727,445,145,140,74,129,s0
frame=0,5,1708,153,145,144,74,133,s0
frame=0,6,854,153,145,145,74,134,s0
frame=0,7,873,445,145,140,74,129,s0
frame=1,0,1854,153,139,144,67,132,s0
frame=1,1,1128,0,139,146,67,134,s0
frame=1,2,708,300,139,143,67,131,s0
frame=1,3,422,0,139,149,67,137,s0
frame=1,4,847,0,139,147,67,135,s0
frame=1,5,0,300,139,144,67,132,s0
frame=1,6,848,300,139,143,67,131,s0
frame=1,7,140,300,139,144,67,132,s0
frame=2,0,141,0,140,151,67,137,s0
frame=2,1,1000,153,140,145,67,131,s0
frame=2,2,1268,0,140,146,67,132,s0
frame=2,3,1409,0,140,146,67,132,s0
frame=2,4,1141,153,140,145,67,131,s0
frame=2,5,1282,153,140,145,67,131,s0
frame=2,6,1423,153,140,145,67,131,s0
frame=2,7,987,0,140,147,67,133,s0
frame=3,0,988,300,143,143,69,127,s0
frame=3,1,1550,0,143,146,69,130,s0
frame=3,2,1564,153,143,145,69,129,s0
frame=3,3,562,0,143,149,69,133,s0
frame=3,4,145,589,143,139,69,123,s0
frame=3,5,289,589,143,139,69,123,s0
frame=3,6,1019,445,143,140,69,124,s0
frame=3,7,433,589,143,139,69,123,s0
frame=4,0,1163,445,144,140,70,123,s0
frame=4,1,1308,445,144,140,70,123,s0
frame=4,2,1453,445,144,140,70,123,s0
frame=4,3,1598,445,144,140,70,123,s0
frame=4,4,1743,445,144,140,70,123,s0
frame=4,5,1888,445,144,140,70,123,s0
frame=4,6,0,589,144,140,70,123,s0
frame=4,7,144,445,144,141,70,124,s0
frame=5,0,1132,300,139,143,72,124,s0
frame=5,1,1272,300,139,143,72,124,s0
frame=5,2,1412,300,139,143,72,124,s0
frame=5,3,1552,300,139,143,72,124,s0
frame=5,4,282,0,139,151,72,132,s0
frame=5,5,280,300,139,144,72,125,s0
frame=5,6,1692,300,139,143,72,124,s0
frame=5,7,1832,300,139,143,72,124,s0
frame=6,0,1694,0,140,146,73,126,s0
frame=6,1,706,0,140,148,73,128,s0
frame=6,2,1835,0,140,146,73,126,s0
frame=6,3,0,0,140,152,73,132,s0
frame=6,4,0,153,140,146,73,126,s0
frame=6,5,141,153,140,146,73,126,s0
frame=6,6,282,153,140,146,73,126,s0
frame=6,7,423,153,140,146,73,126,s0
frame=7,0,420,300,143,144,74,133,s0
frame=7,1,577,589,143,139,74,128,s0
frame=7,2,721,589,143,139,74,128,s0
frame=7,3,564,300,143,144,74,133,s0
frame=7,4,0,445,143,143,74,132,s0
frame=7,5,564,153,143,146,74,135,s0
frame=7,6,865,589,143,139,74,128,s0
frame=7,7,1009,589,143,139,74,128,s0
