# GENERATED by tools/gen_serpents.py -- edit SPECIES there, not this file.
image=images/enemies/rd_curupira_0.png,s0
image=images/enemies/rd_curupira_1.png,s1

[stance]
frames=4
duration=533ms
type=back_forth
frame=0,0,192,1121,74,167,31,152,s0
frame=0,1,838,1785,84,155,39,143,s0
frame=0,2,613,154,84,147,42,136,s1
frame=0,3,654,1622,81,160,45,148,s0
frame=0,4,767,779,75,170,43,155,s0
frame=0,5,495,951,85,168,45,154,s0
frame=0,6,1642,779,86,169,43,153,s0
frame=0,7,1349,602,80,172,35,152,s0
frame=1,0,1178,1457,71,163,28,145,s0
frame=1,1,938,0,80,151,36,140,s1
frame=1,2,168,154,84,149,42,137,s1
frame=1,3,1748,1785,79,153,43,140,s0
frame=1,4,278,1290,72,165,44,150,s0
frame=1,5,581,951,81,168,44,154,s0
frame=1,6,1045,1121,85,166,43,154,s0
frame=1,7,1866,602,78,171,35,152,s0
frame=2,0,1131,1121,74,166,31,151,s0
frame=2,1,923,1785,85,155,39,141,s0
frame=2,2,1828,1785,84,153,42,142,s0
frame=2,3,1836,1457,83,162,47,149,s0
frame=2,4,351,1290,75,165,43,150,s0
frame=2,5,663,951,86,168,46,154,s0
frame=2,6,750,951,84,168,42,152,s0
frame=2,7,749,420,82,179,35,159,s0
frame=3,0,1206,1121,82,166,39,151,s0
frame=3,1,1913,1785,84,153,40,140,s0
frame=3,2,1009,1785,84,155,42,143,s0
frame=3,3,1810,1622,80,158,44,146,s0
frame=3,4,1920,1457,84,162,44,147,s0
frame=3,5,835,951,86,168,45,154,s0
frame=3,6,87,602,84,175,42,154,s0
frame=3,7,993,602,80,173,35,152,s0

[run]
frames=8
duration=533ms
type=looped
frame=0,0,267,1121,68,167,40,152,s0
frame=0,1,336,1121,79,167,44,155,s0
frame=0,2,1311,1622,86,159,43,147,s0
frame=0,3,1944,1290,80,164,36,152,s0
frame=0,4,1289,1121,68,166,28,151,s0
frame=0,5,1358,1121,79,166,36,151,s0
frame=0,6,416,1121,86,167,43,150,s0
frame=0,7,427,1290,79,165,43,150,s0
frame=1,0,507,1290,70,165,40,149,s0
frame=1,1,1729,779,78,169,44,153,s0
frame=1,2,0,1457,84,164,42,149,s0
frame=1,3,332,1622,79,161,35,148,s0
frame=1,4,578,1290,69,165,29,150,s0
frame=1,5,85,1457,77,164,34,149,s0
frame=1,6,648,1290,84,165,42,148,s0
frame=1,7,843,779,78,170,43,149,s0
frame=2,0,733,1290,75,165,40,147,s0
frame=2,1,1250,1457,80,163,45,146,s0
frame=2,2,1808,779,84,169,42,151,s0
frame=2,3,922,779,79,170,35,156,s0
frame=2,4,1945,602,74,171,34,156,s0
frame=2,5,1331,1457,81,163,35,148,s0
frame=2,6,809,1290,85,165,43,148,s0
frame=2,7,413,420,77,180,43,157,s0
frame=3,0,1009,225,70,184,40,168,s0
frame=3,1,1438,1121,79,166,44,150,s0
frame=3,2,895,1290,85,165,43,150,s0
frame=3,3,0,1622,80,162,36,149,s0
frame=3,4,503,1121,69,167,29,152,s0
frame=3,5,981,1290,78,165,35,150,s0
frame=3,6,832,420,86,179,43,162,s0
frame=3,7,1950,420,79,176,43,155,s0
frame=4,0,573,1121,68,167,40,152,s0
frame=4,1,81,1622,81,162,44,150,s0
frame=4,2,1002,779,84,170,42,158,s0
frame=4,3,0,779,82,171,38,159,s0
frame=4,4,1000,420,68,178,28,163,s0
frame=4,5,642,1121,80,167,37,152,s0
frame=4,6,1060,1290,84,165,42,148,s0
frame=4,7,1145,1290,80,165,43,150,s0
frame=5,0,1226,1290,70,165,40,150,s0
frame=5,1,1297,1290,79,165,44,150,s0
frame=5,2,922,951,85,168,42,153,s0
frame=5,3,163,1457,79,164,35,148,s0
frame=5,4,243,1457,69,164,29,149,s0
frame=5,5,1518,1121,78,166,35,150,s0
frame=5,6,1597,1121,86,166,43,149,s0
frame=5,7,83,779,78,171,43,156,s0
frame=6,0,1008,951,75,168,40,153,s0
frame=6,1,1430,602,79,172,44,153,s0
frame=6,2,1413,1457,84,163,42,145,s0
frame=6,3,162,779,80,171,36,154,s0
frame=6,4,1498,1457,74,163,34,148,s0
frame=6,5,1377,1290,78,165,35,148,s0
frame=6,6,1456,1290,84,165,42,148,s0
frame=6,7,723,1121,80,167,43,152,s0
frame=7,0,804,1121,70,167,40,152,s0
frame=7,1,313,1457,81,164,44,149,s0
frame=7,2,163,1622,85,162,42,147,s0
frame=7,3,243,779,80,171,36,155,s0
frame=7,4,172,602,69,175,29,160,s0
frame=7,5,1684,1121,80,166,37,150,s0
frame=7,6,324,779,84,171,42,154,s0
frame=7,7,1765,1121,79,166,43,151,s0

[swing]
frames=4
duration=550ms
type=play_once
active_frame=2
frame=0,0,1541,1290,81,165,23,149,s0
frame=0,1,412,1622,81,161,27,143,s0
frame=0,2,1176,1785,84,154,42,135,s0
frame=0,3,1261,1785,82,154,54,137,s0
frame=0,4,1398,1622,82,159,58,144,s0
frame=0,5,1084,951,80,168,55,155,s0
frame=0,6,1087,779,79,170,43,158,s0
frame=0,7,1893,779,82,169,27,157,s0
frame=1,0,419,1785,86,156,23,140,s0
frame=1,1,1019,0,79,151,23,132,s1
frame=1,2,253,154,84,149,42,126,s1
frame=1,3,1099,0,82,151,56,132,s1
frame=1,4,395,1457,88,164,64,149,s0
frame=1,5,1845,1121,80,166,57,153,s0
frame=1,6,535,602,80,174,43,162,s0
frame=1,7,1510,602,82,172,25,160,s0
frame=2,0,484,1457,117,164,81,149,s0
frame=2,1,1165,951,95,168,68,153,s0
frame=2,2,409,779,84,171,42,157,s0
frame=2,3,1261,951,80,168,28,155,s0
frame=2,4,1342,951,108,168,26,153,s0
frame=2,5,1167,779,96,170,27,144,s0
frame=2,6,491,420,84,180,42,138,s0
frame=2,7,1069,420,87,178,52,143,s0
frame=3,0,602,1457,111,164,80,149,s0
frame=3,1,736,1622,103,160,67,145,s0
frame=3,2,1891,1622,84,158,42,144,s0
frame=3,3,0,951,87,169,36,157,s0
frame=3,4,1573,1457,113,163,32,148,s0
frame=3,5,242,602,105,175,37,149,s0
frame=3,6,514,225,84,190,42,149,s0
frame=3,7,1080,225,87,184,50,149,s0

[cast]
frames=4
duration=700ms
type=play_once
active_frame=2
frame=0,0,494,779,100,171,40,151,s0
frame=0,1,1481,1622,94,159,39,140,s0
frame=0,2,494,1622,85,161,42,140,s0
frame=0,3,88,951,97,169,55,147,s0
frame=0,4,1593,602,101,172,60,150,s0
frame=0,5,1726,225,96,182,56,161,s0
frame=0,6,926,225,82,186,43,165,s0
frame=0,7,0,420,97,181,41,161,s0
frame=1,0,1615,225,110,183,41,158,s0
frame=1,1,1451,951,98,168,39,143,s0
frame=1,2,875,1121,94,167,49,141,s0
frame=1,3,1550,951,102,168,59,144,s0
frame=1,4,98,420,111,181,69,158,s0
frame=1,5,1692,0,99,195,59,173,s0
frame=1,6,756,0,94,211,44,190,s0
frame=1,7,1792,0,101,195,42,174,s0
frame=2,0,0,225,127,194,50,169,s0
frame=2,1,1408,420,117,177,49,150,s0
frame=2,2,210,420,90,181,48,150,s0
frame=2,3,682,225,123,187,71,161,s0
frame=2,4,128,225,128,194,77,172,s0
frame=2,5,276,0,118,217,68,190,s0
frame=2,6,92,0,91,219,42,193,s0
frame=2,7,635,0,120,212,51,187,s0
frame=3,0,1168,225,118,184,45,162,s0
frame=3,1,1653,951,106,168,44,147,s0
frame=3,2,1074,602,91,173,42,145,s0
frame=3,3,1264,779,109,170,61,145,s0
frame=3,4,806,225,119,187,73,162,s0
frame=3,5,851,0,106,210,61,186,s0
frame=3,6,958,0,91,209,48,186,s0
frame=3,7,1157,0,108,202,47,179,s0

[shoot]
frames=4
duration=700ms
type=play_once
active_frame=2
frame=0,0,1166,602,100,173,40,153,s0
frame=0,1,714,1457,94,164,39,145,s0
frame=0,2,1344,1785,85,154,42,133,s0
frame=0,3,840,1622,97,160,55,138,s0
frame=0,4,616,602,101,174,60,152,s0
frame=0,5,1823,225,96,182,56,161,s0
frame=0,6,599,225,82,189,43,168,s0
frame=0,7,1287,225,97,184,41,164,s0
frame=1,0,1385,225,110,184,41,159,s0
frame=1,1,348,602,98,175,39,150,s0
frame=1,2,1926,1121,94,166,49,140,s0
frame=1,3,1374,779,102,170,59,146,s0
frame=1,4,301,420,111,181,69,158,s0
frame=1,5,1894,0,99,195,59,173,s0
frame=1,6,1375,0,94,200,44,179,s0
frame=1,7,1470,0,101,200,42,179,s0
frame=2,0,257,225,127,194,50,169,s0
frame=2,1,1526,420,117,177,49,150,s0
frame=2,2,1644,420,90,177,48,146,s0
frame=2,3,1735,420,123,177,71,151,s0
frame=2,4,385,225,128,194,77,172,s0
frame=2,5,395,0,118,217,68,190,s0
frame=2,6,184,0,91,219,42,193,s0
frame=2,7,514,0,120,216,51,191,s0
frame=3,0,1496,225,118,184,45,162,s0
frame=3,1,0,1290,106,166,44,145,s0
frame=3,2,1623,1290,91,165,42,137,s0
frame=3,3,718,602,109,174,61,149,s0
frame=3,4,1572,0,119,197,73,172,s0
frame=3,5,1050,0,106,207,61,183,s0
frame=3,6,0,0,91,224,48,201,s0
frame=3,7,1266,0,108,202,47,179,s0

[block]
frames=2
duration=200ms
type=play_once
frame=0,0,970,1121,74,167,31,152,s0
frame=0,1,1430,1785,84,154,39,142,s0
frame=0,2,338,154,84,149,42,138,s1
frame=0,3,0,0,81,153,45,141,s1
frame=0,4,1715,1290,75,165,43,150,s0
frame=0,5,107,1290,85,166,45,152,s0
frame=0,6,186,951,86,169,43,153,s0
frame=0,7,828,602,80,174,35,154,s0
frame=1,0,1791,1290,74,165,31,150,s0
frame=1,1,75,1785,85,157,39,143,s0
frame=1,2,414,0,87,152,42,141,s1
frame=1,3,506,1785,83,156,47,143,s0
frame=1,4,273,951,75,169,43,154,s0
frame=1,5,1760,951,86,168,46,154,s0
frame=1,6,1847,951,84,168,42,152,s0
frame=1,7,1157,420,82,178,35,158,s0

[hit]
frames=2
duration=133ms
type=back_forth
frame=0,0,809,1457,106,164,37,149,s0
frame=0,1,508,154,104,148,43,127,s1
frame=0,2,423,154,84,149,42,124,s1
frame=0,3,502,0,87,152,61,131,s1
frame=0,4,938,1622,107,160,69,145,s0
frame=0,5,1932,951,107,168,63,155,s0
frame=0,6,1240,420,86,178,43,158,s0
frame=0,7,576,420,87,180,25,158,s0
frame=1,0,916,1457,106,164,37,149,s0
frame=1,1,1794,0,106,150,43,127,s1
frame=1,2,698,154,84,147,42,122,s1
frame=1,3,1901,0,90,150,64,128,s1
frame=1,4,161,1785,107,157,69,142,s0
frame=1,5,0,1121,108,168,64,155,s0
frame=1,6,1920,225,84,182,42,162,s0
frame=1,7,1859,420,90,177,25,155,s0

[die]
frames=6
duration=800ms
type=play_once
frame=0,0,349,951,76,169,33,154,s0
frame=0,1,82,0,86,153,41,141,s1
frame=0,2,590,1785,84,156,42,145,s0
frame=0,3,1576,1622,81,159,45,147,s0
frame=0,4,1023,1457,77,164,43,149,s0
frame=0,5,447,602,87,175,45,160,s0
frame=0,6,0,602,86,176,43,158,s0
frame=0,7,919,420,80,179,35,158,s0
frame=1,0,1515,1785,64,154,51,138,s0
frame=1,1,0,1785,74,158,51,149,s0
frame=1,2,590,0,80,152,40,145,s1
frame=1,3,169,0,74,153,23,144,s1
frame=1,4,1658,1622,63,159,12,143,s0
frame=1,5,1687,1457,73,163,23,144,s0
frame=1,6,675,1785,81,156,40,131,s0
frame=1,7,580,1622,73,161,50,137,s0
frame=2,0,1690,154,106,133,99,117,s1
frame=2,1,1046,1622,101,160,86,152,s0
frame=2,2,269,1785,80,157,40,153,s0
frame=2,3,1182,0,99,151,14,143,s1
frame=2,4,1316,154,106,138,6,122,s1
frame=2,5,119,305,100,130,14,96,s1
frame=2,6,1797,154,80,133,40,89,s1
frame=2,7,314,305,100,129,85,95,s1
frame=3,0,659,438,137,99,133,82,s1
frame=3,1,1147,305,119,118,108,112,s1
frame=3,2,1967,154,76,132,38,130,s1
frame=3,3,529,305,119,125,11,119,s1
frame=3,4,210,438,136,105,3,88,s1
frame=3,5,1713,438,119,89,11,44,s1
frame=3,6,545,547,76,82,38,24,s1
frame=3,7,1474,438,119,93,108,48,s1
frame=4,0,1805,632,123,49,121,32,s1
frame=4,1,1519,547,101,69,91,64,s1
frame=4,2,622,547,65,81,32,79,s1
frame=4,3,1621,547,101,69,9,64,s1
frame=4,4,0,701,123,49,1,32,s1
frame=4,5,989,632,101,60,9,13,s1
frame=4,6,1100,547,65,71,32,9,s1
frame=4,7,1091,632,101,60,91,13,s1
frame=5,0,124,701,123,49,121,32,s1
frame=5,1,1805,547,101,68,91,63,s1
frame=5,2,688,547,67,80,33,78,s1
frame=5,3,1907,547,101,68,9,63,s1
frame=5,4,248,701,123,49,1,32,s1
frame=5,5,1193,632,101,60,9,13,s1
frame=5,6,1166,547,67,71,33,9,s1
frame=5,7,1295,632,101,60,91,13,s1

[critdie]
frames=8
duration=1066ms
type=play_once
frame=0,0,1477,779,76,170,33,155,s0
frame=0,1,1580,1785,86,154,41,142,s0
frame=0,2,783,154,84,147,42,136,s1
frame=0,3,244,0,81,153,45,141,s1
frame=0,4,1866,1290,77,165,43,150,s0
frame=0,5,1554,779,87,170,45,155,s0
frame=0,6,595,779,86,171,43,153,s0
frame=0,7,1327,420,80,178,35,157,s0
frame=1,0,350,1785,68,157,43,142,s0
frame=1,1,1282,0,75,151,44,141,s1
frame=1,2,671,0,80,152,40,143,s1
frame=1,3,1358,0,75,151,32,141,s1
frame=1,4,426,951,68,169,24,154,s0
frame=1,5,1101,1457,76,164,31,147,s0
frame=1,6,249,1622,82,162,41,139,s0
frame=1,7,1761,1457,74,163,42,140,s0
frame=2,0,1667,1785,80,154,71,138,s0
frame=2,1,1094,1785,81,155,65,147,s0
frame=2,2,757,1785,80,156,40,151,s0
frame=2,3,1148,1622,80,160,15,152,s0
frame=2,4,752,0,80,152,9,136,s1
frame=2,5,0,154,80,150,15,124,s1
frame=2,6,1434,0,80,151,40,119,s1
frame=2,7,955,154,81,145,65,119,s1
frame=3,0,415,305,113,129,106,113,s1
frame=3,1,833,0,104,152,90,145,s1
frame=3,2,1229,1622,81,160,41,156,s0
frame=3,3,1515,0,103,151,13,144,s1
frame=3,4,1037,154,112,140,6,124,s1
frame=3,5,1043,305,103,119,13,83,s1
frame=3,6,739,305,80,124,40,77,s1
frame=3,7,820,305,104,124,90,88,s1
frame=4,0,797,438,134,97,130,80,s1
frame=4,1,0,305,118,132,106,126,s1
frame=4,2,1150,154,77,139,39,136,s1
frame=4,3,925,305,117,124,11,118,s1
frame=4,4,347,438,133,104,3,87,s1
frame=4,5,932,438,117,96,11,52,s1
frame=4,6,1319,438,76,94,38,37,s1
frame=4,7,1594,438,118,93,106,49,s1
frame=5,0,227,547,142,83,139,66,s1
frame=5,1,88,438,121,106,111,101,s1
frame=5,2,1267,305,70,118,35,116,s1
frame=5,3,1879,305,120,109,9,104,s1
frame=5,4,0,547,141,84,2,67,s1
frame=5,5,637,632,121,66,9,18,s1
frame=5,6,1370,547,74,70,37,9,s1
frame=5,7,892,547,122,78,112,30,s1
frame=6,0,372,701,123,49,121,32,s1
frame=6,1,0,632,101,68,91,63,s1
frame=6,2,756,547,67,80,33,78,s1
frame=6,3,102,632,101,68,9,63,s1
frame=6,4,496,701,123,49,1,32,s1
frame=6,5,1397,632,101,60,9,13,s1
frame=6,6,1234,547,67,71,33,9,s1
frame=6,7,1499,632,101,60,91,13,s1
frame=7,0,620,701,123,49,121,32,s1
frame=7,1,204,632,101,68,91,63,s1
frame=7,2,824,547,67,80,33,78,s1
frame=7,3,306,632,101,68,9,63,s1
frame=7,4,744,701,123,49,1,32,s1
frame=7,5,1601,632,101,60,9,13,s1
frame=7,6,1302,547,67,71,33,9,s1
frame=7,7,1703,632,101,60,91,13,s1

[spawn]
frames=6
duration=800ms
type=play_once
frame=0,0,408,632,72,68,29,39,s1
frame=0,1,1723,547,81,69,39,37,s1
frame=0,2,759,632,71,65,35,33,s1
frame=0,3,831,632,76,65,43,34,s1
frame=0,4,908,632,80,65,43,36,s1
frame=0,5,481,632,78,68,44,45,s1
frame=0,6,1445,547,73,70,37,52,s1
frame=0,7,560,632,76,67,33,45,s1
frame=1,0,1833,438,84,89,34,61,s1
frame=1,1,370,547,85,83,36,56,s1
frame=1,2,1015,547,84,76,42,51,s1
frame=1,3,1918,438,86,86,50,59,s1
frame=1,4,1396,438,77,94,49,66,s1
frame=1,5,1050,438,83,96,48,72,s1
frame=1,6,142,547,84,84,42,66,s1
frame=1,7,456,547,88,83,37,59,s1
frame=2,0,573,438,85,103,39,79,s1
frame=2,1,1134,438,93,95,48,71,s1
frame=2,2,1228,438,90,95,47,72,s1
frame=2,3,0,438,87,108,46,85,s1
frame=2,4,1610,305,85,115,45,93,s1
frame=2,5,1696,305,94,115,45,94,s1
frame=2,6,481,438,91,104,43,84,s1
frame=2,7,1791,305,87,113,40,88,s1
frame=3,0,1878,154,88,133,45,111,s1
frame=3,1,1338,305,90,118,44,96,s1
frame=3,2,1524,305,85,116,43,95,s1
frame=3,3,1429,305,94,117,47,97,s1
frame=3,4,649,305,89,125,43,105,s1
frame=3,5,1510,154,91,135,46,111,s1
frame=3,6,1423,154,86,136,42,112,s1
frame=3,7,220,305,93,130,46,107,s1
frame=4,0,868,154,86,147,42,127,s1
frame=4,1,81,154,86,150,40,130,s1
frame=4,2,1602,154,87,135,42,116,s1
frame=4,3,1228,154,87,139,43,116,s1
frame=4,4,326,0,87,153,44,130,s1
frame=4,5,1619,0,86,151,45,129,s1
frame=4,6,1722,1622,87,159,44,137,s0
frame=4,7,1706,0,87,151,43,130,s1
frame=5,0,1267,602,81,173,38,155,s0
frame=5,1,909,602,83,174,36,152,s0
frame=5,2,193,1290,84,166,42,144,s0
frame=5,3,682,779,84,171,44,150,s0
frame=5,4,109,1121,82,168,43,147,s0
frame=5,5,1695,602,84,172,47,152,s0
frame=5,6,664,420,84,180,42,160,s0
frame=5,7,1780,602,85,172,39,153,s0
