# GENERATED by tools/gen_serpents.py -- edit SPECIES there, not this file.
image=images/enemies/rd_camp_altar_0.png,s0

[stance]
frames=8
duration=900ms
type=looped
frame=0,0,715,0,101,161,50,136,s0
frame=0,1,1327,325,101,153,50,128,s0
frame=0,2,410,166,101,157,50,132,s0
frame=0,3,1839,0,101,158,50,133,s0
frame=0,4,0,0,101,165,50,140,s0
frame=0,5,1429,325,101,153,50,128,s0
frame=0,6,408,0,101,163,50,138,s0
frame=0,7,0,325,101,154,50,129,s0
frame=1,0,1941,0,102,158,51,133,s0
frame=1,1,1634,325,102,152,51,127,s0
frame=1,2,102,325,102,154,51,129,s0
frame=1,3,0,480,102,151,51,126,s0
frame=1,4,103,480,102,151,51,126,s0
frame=1,5,206,480,102,151,51,126,s0
frame=1,6,309,480,102,151,51,126,s0
frame=1,7,205,325,102,154,51,129,s0
frame=2,0,1532,166,101,155,50,130,s0
frame=2,1,1634,166,101,155,50,130,s0
frame=2,2,1736,166,101,155,50,130,s0
frame=2,3,512,166,101,157,50,132,s0
frame=2,4,817,0,101,161,50,136,s0
frame=2,5,102,0,101,165,50,140,s0
frame=2,6,818,166,101,156,50,131,s0
frame=2,7,510,0,101,163,50,138,s0
frame=3,0,1430,0,102,159,51,134,s0
frame=3,1,0,166,102,158,51,133,s0
frame=3,2,1533,0,102,159,51,134,s0
frame=3,3,103,166,102,158,51,133,s0
frame=3,4,1020,0,102,160,51,135,s0
frame=3,5,1531,325,102,153,51,128,s0
frame=3,6,612,0,102,163,51,138,s0
frame=3,7,1123,0,102,160,51,135,s0
frame=4,0,308,325,101,154,50,129,s0
frame=4,1,206,166,101,158,50,133,s0
frame=4,2,410,325,101,154,50,129,s0
frame=4,3,512,325,101,154,50,129,s0
frame=4,4,614,325,101,154,50,129,s0
frame=4,5,920,166,101,156,50,131,s0
frame=4,6,716,325,101,154,50,129,s0
frame=4,7,1226,0,101,160,50,135,s0
frame=5,0,614,166,101,157,51,132,s0
frame=5,1,1328,0,101,160,51,135,s0
frame=5,2,818,325,101,154,51,129,s0
frame=5,3,920,325,101,154,51,129,s0
frame=5,4,308,166,101,158,51,133,s0
frame=5,5,1022,325,101,154,51,129,s0
frame=5,6,1124,325,101,154,51,129,s0
frame=5,7,204,0,101,165,51,140,s0
frame=6,0,1737,325,100,152,50,127,s0
frame=6,1,1838,325,100,152,50,127,s0
frame=6,2,919,0,100,161,50,136,s0
frame=6,3,1838,166,100,155,50,130,s0
frame=6,4,1636,0,100,159,50,134,s0
frame=6,5,1226,325,100,154,50,129,s0
frame=6,6,1939,166,100,155,50,130,s0
frame=6,7,1939,325,100,152,50,127,s0
frame=7,0,1737,0,101,159,50,134,s0
frame=7,1,1022,166,101,156,50,131,s0
frame=7,2,1124,166,101,156,50,131,s0
frame=7,3,1226,166,101,156,50,131,s0
frame=7,4,1328,166,101,156,50,131,s0
frame=7,5,1430,166,101,156,50,131,s0
frame=7,6,306,0,101,165,50,140,s0
frame=7,7,716,166,101,157,50,132,s0
