# GENERATED by tools/gen_serpents.py -- edit SPECIES there, not this file.
image=images/enemies/rd_cobra_grande_0.png,s0
image=images/enemies/rd_cobra_grande_1.png,s1
image=images/enemies/rd_cobra_grande_2.png,s2
image=images/enemies/rd_cobra_grande_3.png,s3
image=images/enemies/rd_cobra_grande_4.png,s4

[stance]
frames=4
duration=533ms
type=back_forth
frame=0,0,0,0,398,116,177,92,s4
frame=0,1,286,228,303,220,134,142,s1
frame=0,2,1579,0,127,275,45,164,s0
frame=0,3,1477,1586,288,227,153,142,s0
frame=0,4,666,1536,398,134,220,92,s3
frame=0,5,724,641,303,152,168,83,s3
frame=0,6,1674,1100,127,206,81,116,s1
frame=0,7,1651,1810,288,163,134,94,s2
frame=1,0,1449,1809,399,118,177,97,s3
frame=1,1,1486,0,311,221,134,148,s1
frame=1,2,822,0,127,280,39,169,s0
frame=1,3,1481,1101,280,237,145,148,s0
frame=1,4,321,1250,399,142,221,97,s3
frame=1,5,0,1101,311,148,176,79,s3
frame=1,6,876,1100,127,207,87,117,s1
frame=1,7,946,1642,280,166,134,97,s2
frame=2,0,1507,234,402,110,177,92,s4
frame=2,1,0,887,320,212,134,142,s1
frame=2,2,950,0,127,277,34,164,s0
frame=2,3,368,1348,272,235,137,142,s0
frame=2,4,772,1395,402,139,224,92,s3
frame=2,5,1663,1101,320,144,185,75,s3
frame=2,6,304,1100,127,208,92,118,s1
frame=2,7,1184,1300,272,169,134,100,s2
frame=3,0,0,565,404,104,177,86,s4
frame=3,1,957,1311,327,204,134,137,s1
frame=3,2,1112,303,128,272,33,158,s0
frame=3,3,914,1348,267,234,132,137,s0
frame=3,4,1065,1536,404,134,226,86,s3
frame=3,5,1066,1250,327,141,192,72,s3
frame=3,6,1387,887,128,210,94,120,s1
frame=3,7,1148,951,267,172,134,103,s2

[run]
frames=8
duration=533ms
type=looped
frame=0,0,1571,670,436,96,196,71,s4
frame=0,1,1610,450,318,215,148,128,s1
frame=0,2,1241,303,114,272,47,152,s0
frame=0,3,744,671,320,214,171,128,s1
frame=0,4,0,459,436,105,239,71,s4
frame=0,5,0,1642,318,167,169,92,s2
frame=0,6,1027,0,114,225,66,126,s1
frame=0,7,939,1472,320,168,148,93,s2
frame=1,0,446,866,438,89,196,71,s4
frame=1,1,0,1518,345,203,148,128,s1
frame=1,2,512,303,115,273,33,152,s0
frame=1,3,0,1821,297,227,148,128,s0
frame=1,4,961,117,438,113,241,71,s4
frame=1,5,578,484,345,155,196,80,s3
frame=1,6,289,0,115,226,81,127,s1
frame=1,7,1182,401,297,180,148,105,s2
frame=2,0,885,866,441,89,196,71,s4
frame=2,1,343,201,359,198,148,128,s2
frame=2,2,1707,0,116,275,34,152,s0
frame=2,3,1182,1348,287,234,138,128,s0
frame=2,4,1400,117,441,113,244,71,s4
frame=2,5,0,949,359,151,210,76,s3
frame=2,6,298,1821,116,227,81,128,s0
frame=2,7,137,401,287,186,148,111,s2
frame=3,0,711,769,438,94,196,71,s4
frame=3,1,1240,1518,347,202,148,128,s1
frame=3,2,628,303,112,273,44,152,s0
frame=3,3,885,1586,295,228,146,128,s0
frame=3,4,997,348,438,106,241,71,s4
frame=3,5,633,164,347,159,198,84,s3
frame=3,6,405,0,112,226,67,127,s1
frame=3,7,1480,401,295,180,148,105,s2
frame=4,0,437,459,436,105,196,71,s4
frame=4,1,1065,671,320,214,148,128,s1
frame=4,2,1356,303,114,272,66,152,s0
frame=4,3,0,671,318,215,169,128,s1
frame=4,4,0,769,436,96,239,71,s4
frame=4,5,1260,1472,320,168,171,93,s2
frame=4,6,1142,0,114,225,47,126,s1
frame=4,7,319,1642,318,167,148,92,s2
frame=5,0,0,234,438,113,196,71,s4
frame=5,1,415,1821,297,227,148,128,s0
frame=5,2,741,303,115,273,81,152,s0
frame=5,3,346,1518,345,203,196,128,s1
frame=5,4,1327,866,438,89,241,71,s4
frame=5,5,0,590,297,180,148,105,s2
frame=5,6,518,0,115,226,33,127,s1
frame=5,7,924,484,345,155,148,80,s3
frame=6,0,439,234,441,113,196,71,s4
frame=6,1,1470,1348,287,234,148,128,s0
frame=6,2,1824,0,116,275,81,152,s0
frame=6,3,703,201,359,198,210,128,s2
frame=6,4,0,957,441,89,244,71,s4
frame=6,5,425,401,287,186,138,111,s2
frame=6,6,713,1821,116,227,34,128,s0
frame=6,7,360,949,359,151,148,76,s3
frame=7,0,1436,348,438,106,196,71,s4
frame=7,1,1181,1586,295,228,148,128,s0
frame=7,2,857,303,112,273,67,152,s0
frame=7,3,1588,1518,347,202,198,128,s1
frame=7,4,1150,769,438,94,241,71,s4
frame=7,5,298,590,295,180,146,105,s2
frame=7,6,634,0,112,226,44,127,s1
frame=7,7,981,164,347,159,148,84,s3

[swing]
frames=4
duration=700ms
type=play_once
active_frame=2
frame=0,0,1197,1674,356,133,129,108,s3
frame=0,1,0,228,285,221,101,142,s1
frame=0,2,1589,303,138,270,47,156,s0
frame=0,3,1758,1348,259,234,157,142,s0
frame=0,4,1270,484,356,154,226,108,s3
frame=0,5,0,1536,285,137,183,85,s3
frame=0,6,713,401,138,185,90,119,s2
frame=0,7,1627,484,259,154,101,102,s3
frame=1,0,721,1250,344,142,109,117,s3
frame=1,1,747,0,279,226,87,144,s1
frame=1,2,970,303,141,273,48,155,s0
frame=1,3,1131,1101,251,240,163,144,s0
frame=1,4,985,1810,344,164,234,117,s2
frame=1,5,286,1536,279,135,191,90,s3
frame=1,6,1282,590,141,179,92,123,s2
frame=1,7,720,949,251,151,87,106,s3
frame=2,0,442,957,467,89,311,58,s4
frame=2,1,590,228,329,220,229,157,s1
frame=2,2,1480,0,98,276,58,198,s0
frame=2,3,1004,1100,354,207,124,157,s1
frame=2,4,0,1132,467,79,155,58,s4
frame=2,5,852,401,329,184,99,68,s2
frame=2,6,1032,1101,98,241,39,84,s0
frame=2,7,1416,951,354,172,229,56,s2
frame=3,0,0,670,424,98,234,75,s4
frame=3,1,1386,671,316,213,175,146,s1
frame=3,2,1471,303,117,271,42,176,s0
frame=3,3,723,450,308,217,132,146,s1
frame=3,4,881,234,424,113,189,75,s4
frame=3,5,0,164,316,161,140,72,s3
frame=3,6,920,228,117,220,74,101,s1
frame=3,7,1581,1472,308,168,175,79,s2

[cast]
frames=4
duration=800ms
type=play_once
active_frame=2
frame=0,0,1394,1250,361,140,138,112,s3
frame=0,1,212,1586,281,230,107,150,s0
frame=0,2,1078,0,136,277,53,165,s0
frame=0,3,1762,1101,266,237,158,150,s0
frame=0,4,0,641,361,154,222,112,s3
frame=0,5,1756,1250,281,140,173,85,s3
frame=0,6,1063,201,136,188,82,117,s2
frame=0,7,1028,641,266,152,107,97,s3
frame=1,0,1642,164,361,157,138,129,s3
frame=1,1,1632,845,281,246,107,166,s0
frame=1,2,274,0,136,294,53,182,s0
frame=1,3,564,845,266,253,158,166,s0
frame=1,4,989,1127,361,171,222,129,s2
frame=1,5,312,1101,281,147,173,92,s3
frame=1,6,1200,201,136,188,82,117,s2
frame=1,7,1295,641,266,152,107,97,s3
frame=2,0,1530,1642,361,165,138,137,s2
frame=2,1,0,845,281,255,107,175,s0
frame=2,2,0,0,136,302,53,190,s0
frame=2,3,774,579,266,262,158,175,s0
frame=2,4,1424,590,361,179,222,137,s2
frame=2,5,1086,326,281,156,173,101,s3
frame=2,6,1337,201,136,188,82,117,s2
frame=2,7,1368,326,266,156,107,101,s3
frame=3,0,0,326,361,157,138,129,s3
frame=3,1,0,1101,281,246,107,166,s0
frame=3,2,411,0,136,294,53,182,s0
frame=3,3,831,845,266,253,158,166,s0
frame=3,4,1351,1127,361,171,222,129,s2
frame=3,5,594,1101,281,147,173,92,s3
frame=3,6,1474,201,136,188,82,117,s2
frame=3,7,1562,641,266,152,107,97,s3

[shoot]
frames=4
duration=800ms
type=play_once
active_frame=2
frame=0,0,0,1395,361,140,138,112,s3
frame=0,1,494,1586,281,230,107,150,s0
frame=0,2,1215,0,136,277,53,165,s0
frame=0,3,0,1348,266,237,158,150,s0
frame=0,4,362,641,361,154,222,112,s3
frame=0,5,362,1395,281,140,173,85,s3
frame=0,6,1611,201,136,188,82,117,s2
frame=0,7,0,796,266,152,107,97,s3
frame=1,0,362,326,361,157,138,129,s3
frame=1,1,282,1101,281,246,107,166,s0
frame=1,2,548,0,136,294,53,182,s0
frame=1,3,1098,845,266,253,158,166,s0
frame=1,4,0,1300,361,171,222,129,s2
frame=1,5,876,1101,281,147,173,92,s3
frame=1,6,1748,201,136,188,82,117,s2
frame=1,7,267,796,266,152,107,97,s3
frame=2,0,0,1810,361,165,138,137,s2
frame=2,1,282,845,281,255,107,175,s0
frame=2,2,137,0,136,302,53,190,s0
frame=2,3,1041,579,266,262,158,175,s0
frame=2,4,0,771,361,179,222,137,s2
frame=2,5,1635,326,281,156,173,101,s3
frame=2,6,1885,201,136,188,82,117,s2
frame=2,7,0,484,266,156,107,101,s3
frame=3,0,724,326,361,157,138,129,s3
frame=3,1,564,1101,281,246,107,166,s0
frame=3,2,685,0,136,294,53,182,s0
frame=3,3,1365,845,266,253,158,166,s0
frame=3,4,362,1300,361,171,222,129,s2
frame=3,5,1158,1101,281,147,173,92,s3
frame=3,6,0,401,136,188,82,117,s2
frame=3,7,534,796,266,152,107,97,s3

[block]
frames=2
duration=200ms
type=play_once
frame=0,0,399,0,398,116,177,92,s4
frame=0,1,1038,228,303,220,134,142,s1
frame=0,2,0,303,127,275,45,164,s0
frame=0,3,830,1821,288,227,153,142,s0
frame=0,4,1470,1536,398,134,220,92,s3
frame=0,5,801,796,303,152,168,83,s3
frame=0,6,1802,1100,127,206,81,116,s1
frame=0,7,0,0,288,163,134,94,s3
frame=1,0,0,348,402,110,177,92,s4
frame=1,1,321,887,320,212,134,142,s1
frame=1,2,1352,0,127,277,34,164,s0
frame=1,3,641,1348,272,235,137,142,s0
frame=1,4,1175,1395,402,139,224,92,s3
frame=1,5,0,1250,320,144,185,75,s3
frame=1,6,432,1100,127,208,92,118,s1
frame=1,7,1457,1300,272,169,134,100,s2

[hit]
frames=2
duration=133ms
type=back_forth
frame=0,0,874,459,398,105,153,81,s4
frame=0,1,1516,887,303,210,117,124,s1
frame=0,2,305,579,127,264,45,141,s0
frame=0,3,1032,450,288,217,170,124,s1
frame=0,4,1647,1674,398,123,244,81,s3
frame=0,5,972,949,303,151,185,91,s3
frame=0,6,0,1311,127,206,81,128,s1
frame=0,7,289,0,288,163,117,103,s3
frame=1,0,1273,459,398,105,153,81,s4
frame=1,1,0,1100,303,210,117,124,s1
frame=1,2,433,579,127,264,45,141,s0
frame=1,3,1321,450,288,217,170,124,s1
frame=1,4,0,1809,398,123,244,81,s3
frame=1,5,1276,949,303,151,185,91,s3
frame=1,6,128,1311,127,206,81,128,s1
frame=1,7,578,0,288,163,117,103,s3

[die]
frames=6
duration=800ms
type=play_once
frame=0,0,798,0,398,116,177,92,s4
frame=0,1,1342,228,303,220,134,142,s1
frame=0,2,128,303,127,275,45,164,s0
frame=0,3,1119,1821,288,227,153,142,s0
frame=0,4,0,1674,398,134,220,92,s3
frame=0,5,1105,796,303,152,168,83,s3
frame=0,6,256,1311,127,206,81,116,s1
frame=0,7,867,0,288,163,134,94,s3
frame=1,0,1250,565,415,99,181,76,s4
frame=1,1,766,887,312,211,138,128,s1
frame=1,2,1852,303,121,268,43,150,s0
frame=1,3,319,671,302,215,163,128,s1
frame=1,4,1197,0,415,116,233,76,s4
frame=1,5,1329,164,312,158,173,88,s3
frame=1,6,622,671,121,215,77,123,s1
frame=1,7,1227,1642,302,166,138,96,s2
frame=2,0,1553,957,432,85,186,63,s4
frame=2,1,1285,1311,320,204,141,117,s1
frame=2,2,561,579,114,264,41,140,s0
frame=2,3,1359,1100,314,207,172,117,s1
frame=2,4,817,565,432,100,245,63,s4
frame=2,5,1330,1810,320,164,178,92,s2
frame=2,6,1257,0,114,224,72,129,s1
frame=2,7,1730,1300,314,169,141,97,s2
frame=3,0,1063,1047,448,80,191,59,s4
frame=3,1,0,0,331,200,145,109,s2
frame=3,2,1308,579,107,262,40,133,s0
frame=3,3,0,1722,326,202,180,109,s1
frame=3,4,910,957,448,87,256,53,s4
frame=3,5,852,1300,331,170,185,96,s2
frame=3,6,104,1586,107,231,66,134,s0
frame=3,7,0,1127,326,172,145,98,s2
frame=4,0,465,1212,461,75,196,55,s4
frame=4,1,1693,0,339,199,148,105,s2
frame=4,2,1416,579,100,262,38,129,s0
frame=4,3,1348,1722,335,201,186,105,s1
frame=4,4,468,1132,461,79,264,47,s4
frame=4,5,808,951,339,174,190,99,s2
frame=4,6,267,1348,100,236,61,137,s0
frame=4,7,1395,771,335,176,148,101,s2
frame=5,0,895,1290,472,70,201,51,s4
frame=5,1,332,0,346,200,151,104,s2
frame=5,2,0,579,92,265,36,129,s0
frame=5,3,327,1722,343,202,191,104,s1
frame=5,4,927,1212,472,74,270,45,s4
frame=5,5,362,771,346,178,194,101,s2
frame=5,6,846,1101,92,242,55,140,s0
frame=5,7,594,590,343,180,151,103,s2

[critdie]
frames=8
duration=1066ms
type=play_once
frame=0,0,1613,0,398,116,177,92,s4
frame=0,1,1646,228,303,220,134,142,s1
frame=0,2,256,303,127,275,45,164,s0
frame=0,3,1408,1821,288,227,153,142,s0
frame=0,4,399,1674,398,134,220,92,s3
frame=0,5,1409,796,303,152,168,83,s3
frame=0,6,384,1311,127,206,81,116,s1
frame=0,7,1156,0,288,163,134,94,s3
frame=1,0,405,565,411,103,180,80,s4
frame=1,1,1703,671,310,213,137,132,s1
frame=1,2,1728,303,123,269,44,153,s0
frame=1,3,304,450,299,219,161,132,s1
frame=1,4,858,1809,411,120,230,80,s3
frame=1,5,267,484,310,156,172,86,s3
frame=1,6,642,887,123,212,78,121,s1
frame=1,7,362,1810,299,165,137,95,s2
frame=2,0,1589,769,423,93,183,70,s4
frame=2,1,560,1100,315,208,139,123,s1
frame=2,2,93,579,118,265,42,145,s0
frame=2,3,1079,887,307,211,167,123,s1
frame=2,4,403,348,423,109,239,70,s4
frame=2,5,317,164,315,161,175,90,s3
frame=2,6,604,450,118,218,75,125,s1
frame=2,7,638,1642,307,167,139,96,s2
frame=3,0,0,1047,435,84,187,62,s4
frame=3,1,1606,1311,322,204,142,116,s1
frame=3,2,1517,579,113,262,41,138,s0
frame=3,3,512,1311,316,206,173,116,s1
frame=3,4,425,670,435,98,247,61,s4
frame=3,5,662,1810,322,165,179,93,s2
frame=3,6,1372,0,113,224,71,129,s1
frame=3,7,0,1472,316,169,142,97,s2
frame=4,0,1512,1047,445,80,190,59,s4
frame=4,1,679,0,329,200,144,110,s2
frame=4,2,1631,579,108,261,40,133,s0
frame=4,3,692,1518,324,203,179,110,s1
frame=4,4,0,866,445,90,254,55,s4
frame=4,5,317,1472,329,169,184,95,s2
frame=4,6,776,1586,108,230,67,133,s0
frame=4,7,327,1127,324,172,144,98,s2
frame=5,0,1381,1132,455,77,194,56,s4
frame=5,1,1009,0,336,200,147,107,s2
frame=5,2,1740,579,103,261,39,130,s0
frame=5,3,671,1722,332,202,184,107,s1
frame=5,4,436,1047,455,83,260,50,s4
frame=5,5,652,1127,336,172,188,97,s2
frame=5,6,0,1586,103,234,63,136,s0
frame=5,7,0,951,332,175,147,100,s2
frame=6,0,1400,1212,464,74,197,54,s4
frame=6,1,0,201,342,199,149,104,s2
frame=6,2,676,579,97,263,37,129,s0
frame=6,3,1684,1722,338,201,188,104,s1
frame=6,4,0,1212,464,77,266,46,s4
frame=6,5,333,951,342,175,192,99,s2
frame=6,6,1383,1101,97,238,59,138,s0
frame=6,7,1056,771,338,177,149,101,s2
frame=7,0,1368,1290,472,70,201,51,s4
frame=7,1,1346,0,346,200,151,104,s2
frame=7,2,212,579,92,265,36,129,s0
frame=7,3,1004,1722,343,202,191,104,s1
frame=7,4,0,1290,472,74,270,45,s4
frame=7,5,709,771,346,178,194,101,s2
frame=7,6,939,1101,92,242,55,140,s0
frame=7,7,938,590,343,180,151,103,s2

[spawn]
frames=6
duration=800ms
type=play_once
frame=0,0,1015,1365,99,42,51,37,s4
frame=0,1,1841,1290,110,68,59,40,s4
frame=0,2,936,1365,78,48,46,40,s4
frame=0,3,473,1290,105,74,52,51,s4
frame=0,4,310,1365,85,64,52,42,s4
frame=0,5,396,1365,96,64,53,46,s4
frame=0,6,579,1290,88,71,49,57,s4
frame=0,7,228,1365,81,65,47,47,s4
frame=1,0,715,1365,220,62,177,44,s4
frame=1,1,930,1132,176,79,134,68,s4
frame=1,2,1035,670,94,97,42,89,s4
frame=1,3,1359,957,193,86,58,68,s4
frame=1,4,493,1365,221,63,43,44,s4
frame=1,5,1849,1809,164,118,29,49,s3
frame=1,6,566,1536,99,135,50,45,s3
frame=1,7,1270,1809,178,120,134,51,s3
frame=2,0,668,1290,226,71,177,53,s4
frame=2,1,892,1047,170,83,134,86,s4
frame=2,2,1130,670,99,97,48,107,s4
frame=2,3,827,348,169,107,34,86,s4
frame=2,4,0,1365,227,67,49,48,s4
frame=2,5,399,1809,166,122,31,53,s3
frame=2,6,1554,1674,92,128,57,38,s3
frame=2,7,861,670,173,98,134,29,s4
frame=3,0,1107,1132,273,78,177,54,s4
frame=3,1,1580,949,200,149,134,105,s3
frame=3,2,676,951,131,175,49,126,s2
frame=3,3,1578,1395,220,139,85,105,s3
frame=3,4,437,769,273,96,95,54,s4
frame=3,5,1306,234,200,112,65,43,s4
frame=3,6,644,1395,127,140,81,50,s3
frame=3,7,399,117,220,115,134,46,s4
frame=4,0,1230,670,340,97,177,73,s4
frame=4,1,647,1472,291,169,134,124,s2
frame=4,2,1697,1821,127,227,45,145,s0
frame=4,3,1017,1518,222,203,87,124,s1
frame=4,4,620,117,340,115,162,73,s4
frame=4,5,566,1809,291,121,156,52,s3
frame=4,6,724,1300,127,171,81,81,s2
frame=4,7,1440,1101,222,147,134,78,s3
frame=5,0,0,117,398,116,177,92,s4
frame=5,1,0,450,303,220,134,142,s1
frame=5,2,384,303,127,275,45,164,s0
frame=5,3,0,0,288,227,153,142,s1
frame=5,4,798,1674,398,134,220,92,s3
frame=5,5,1713,796,303,152,168,83,s3
frame=5,6,829,1311,127,206,81,116,s1
frame=5,7,1445,0,288,163,134,94,s3
