# GENERATED by tools/gen_serpents.py -- edit SPECIES there, not this file.
image=images/enemies/rd_cuca_0.png,s0
image=images/enemies/rd_cuca_1.png,s1

[stance]
frames=4
duration=533ms
type=back_forth
frame=0,0,687,1434,123,133,74,112,s0
frame=0,1,1181,871,102,141,56,117,s0
frame=0,2,1112,725,80,143,40,118,s0
frame=0,3,690,1015,103,140,46,117,s0
frame=0,4,811,1434,123,133,48,112,s0
frame=0,5,496,1569,102,132,45,103,s0
frame=0,6,1140,1298,80,134,39,96,s0
frame=0,7,599,1569,103,132,56,103,s0
frame=1,0,935,1434,124,133,75,112,s0
frame=1,1,331,871,103,142,57,118,s0
frame=1,2,1193,725,81,143,40,118,s0
frame=1,3,1284,871,104,141,46,117,s0
frame=1,4,703,1569,124,132,48,111,s0
frame=1,5,822,1703,103,130,45,101,s0
frame=1,6,1221,1298,81,134,40,96,s0
frame=1,7,828,1569,104,132,57,103,s0
frame=2,0,1303,1298,123,134,74,113,s0
frame=2,1,1389,871,102,141,56,117,s0
frame=2,2,1275,725,80,143,40,118,s0
frame=2,3,794,1015,103,140,46,117,s0
frame=2,4,933,1569,123,132,48,111,s0
frame=2,5,1057,1569,102,132,45,103,s0
frame=2,6,1904,1157,80,135,39,97,s0
frame=2,7,1060,1434,103,133,56,104,s0
frame=3,0,1427,1298,120,134,72,113,s0
frame=3,1,1492,871,100,141,55,117,s0
frame=3,2,112,725,80,144,40,119,s0
frame=3,3,898,1015,101,140,45,117,s0
frame=3,4,1164,1434,120,133,47,112,s0
frame=3,5,1160,1569,100,132,44,104,s0
frame=3,6,0,1298,80,135,39,98,s0
frame=3,7,1285,1434,101,133,55,105,s0

[run]
frames=8
duration=533ms
type=looped
frame=0,0,926,1703,133,130,81,109,s0
frame=0,1,193,725,110,144,61,119,s0
frame=0,2,109,574,83,149,41,122,s0
frame=0,3,304,725,111,144,49,119,s0
frame=0,4,1060,1703,133,130,51,109,s0
frame=0,5,1923,1836,110,126,48,95,s0
frame=0,6,1548,1298,83,134,41,93,s0
frame=0,7,1566,1836,111,127,61,96,s0
frame=1,0,1194,1703,133,130,81,109,s0
frame=1,1,416,725,110,144,61,119,s0
frame=1,2,473,574,82,148,40,121,s0
frame=1,3,1356,725,111,143,49,118,s0
frame=1,4,1328,1703,133,130,51,108,s0
frame=1,5,914,0,110,125,48,94,s1
frame=1,6,1632,1298,82,134,41,93,s0
frame=1,7,0,0,111,126,61,95,s1
frame=2,0,595,1836,133,128,81,107,s0
frame=2,1,435,871,110,142,61,117,s0
frame=2,2,1158,574,82,146,40,119,s0
frame=2,3,1593,871,111,141,49,116,s0
frame=2,4,729,1836,133,128,51,106,s0
frame=2,5,1531,0,110,124,48,93,s1
frame=2,6,1261,1569,82,132,41,91,s0
frame=2,7,1025,0,111,125,61,94,s1
frame=3,0,104,1703,133,131,81,110,s0
frame=3,1,527,725,110,144,61,119,s0
frame=3,2,556,574,82,148,40,121,s0
frame=3,3,1468,725,111,143,49,118,s0
frame=3,4,1462,1703,133,130,51,108,s0
frame=3,5,112,0,110,126,48,95,s1
frame=3,6,1715,1298,82,134,41,93,s0
frame=3,7,1678,1836,111,127,61,96,s0
frame=4,0,238,1703,133,131,81,110,s0
frame=4,1,1407,574,110,145,61,120,s0
frame=4,2,193,574,83,149,41,122,s0
frame=4,3,638,725,111,144,49,119,s0
frame=4,4,1596,1703,133,130,51,109,s0
frame=4,5,223,0,110,126,48,95,s1
frame=4,6,1798,1298,83,134,41,93,s0
frame=4,7,863,1836,111,128,61,97,s0
frame=5,0,372,1703,133,131,81,109,s0
frame=5,1,750,725,110,144,61,119,s0
frame=5,2,639,574,81,148,41,121,s0
frame=5,3,1580,725,111,143,49,118,s0
frame=5,4,0,1836,134,129,52,108,s0
frame=5,5,1137,0,110,125,48,94,s1
frame=5,6,1882,1298,81,134,39,93,s0
frame=5,7,334,0,111,126,61,95,s1
frame=6,0,135,1836,133,129,81,107,s0
frame=6,1,546,871,110,142,61,117,s0
frame=6,2,1241,574,81,146,41,119,s0
frame=6,3,1705,871,111,141,49,116,s0
frame=6,4,446,0,133,126,51,105,s1
frame=6,5,230,127,110,123,48,92,s1
frame=6,6,1344,1569,81,132,39,91,s0
frame=6,7,1642,0,111,124,61,93,s1
frame=7,0,1730,1703,133,130,81,108,s0
frame=7,1,1692,725,110,143,61,118,s0
frame=7,2,721,574,81,148,41,121,s0
frame=7,3,1803,725,111,143,49,118,s0
frame=7,4,975,1836,133,128,51,107,s0
frame=7,5,1248,0,110,125,48,94,s1
frame=7,6,1964,1298,81,134,39,93,s0
frame=7,7,580,0,111,126,61,95,s1

[swing]
frames=4
duration=550ms
type=play_once
active_frame=2
frame=0,0,822,1157,114,137,68,114,s0
frame=0,1,1000,1015,95,140,52,117,s0
frame=0,2,1518,574,85,145,43,122,s0
frame=0,3,1096,1015,97,140,44,118,s0
frame=0,4,319,1157,114,139,45,117,s0
frame=0,5,434,1157,95,139,42,112,s0
frame=0,6,736,1157,85,138,41,103,s0
frame=0,7,81,1298,97,135,52,108,s0
frame=1,0,1337,1157,108,136,64,115,s0
frame=1,1,530,1157,91,139,49,117,s0
frame=1,2,912,574,83,147,41,124,s0
frame=1,3,1915,394,92,150,42,128,s0
frame=1,4,1607,394,108,153,43,131,s0
frame=1,5,1716,394,91,151,41,126,s0
frame=1,6,277,574,83,149,41,116,s0
frame=1,7,1446,1157,93,136,50,111,s0
frame=2,0,341,127,137,123,83,102,s1
frame=2,1,1194,1015,113,140,62,114,s0
frame=2,2,861,725,84,144,40,117,s0
frame=2,3,622,1157,113,139,50,113,s0
frame=2,4,479,127,137,122,53,100,s1
frame=2,5,1009,127,113,119,50,87,s1
frame=2,6,1109,1836,84,128,43,85,s0
frame=2,7,1123,127,113,119,62,87,s1
frame=3,0,269,1836,132,129,80,108,s0
frame=3,1,657,871,109,142,60,117,s0
frame=3,2,1323,574,83,146,40,119,s0
frame=3,3,1817,871,110,141,49,116,s0
frame=3,4,1194,1836,132,128,51,106,s0
frame=3,5,1754,0,109,124,48,93,s1
frame=3,6,1387,1434,83,133,42,92,s0
frame=3,7,692,0,110,126,60,95,s1

[cast]
frames=4
duration=800ms
type=play_once
active_frame=2
frame=0,0,179,1298,117,135,70,112,s0
frame=0,1,1604,574,109,145,65,122,s0
frame=0,2,1496,394,110,157,55,133,s0
frame=0,3,1714,574,109,145,45,122,s0
frame=0,4,297,1298,117,135,46,112,s0
frame=0,5,1824,574,106,145,43,118,s0
frame=0,6,767,871,111,142,55,106,s0
frame=0,7,0,574,108,150,62,123,s0
frame=1,0,1670,206,102,180,58,158,s0
frame=1,1,906,206,108,183,66,161,s0
frame=1,2,1773,206,121,180,61,157,s0
frame=1,3,127,206,109,186,42,164,s0
frame=1,4,1396,0,102,190,43,168,s0
frame=1,5,359,394,106,174,41,151,s0
frame=1,6,237,394,121,176,61,146,s0
frame=1,7,917,394,110,169,67,146,s0
frame=2,0,634,0,92,194,50,173,s0
frame=2,1,113,0,110,201,65,179,s0
frame=2,2,932,0,126,193,63,171,s0
frame=2,3,224,0,112,199,46,178,s0
frame=2,4,448,0,92,198,41,177,s0
frame=2,5,237,206,109,186,45,164,s0
frame=2,6,567,206,126,185,63,159,s0
frame=2,7,1816,0,111,187,65,165,s0
frame=3,0,1015,206,101,183,57,161,s0
frame=3,1,1499,0,110,189,68,167,s0
frame=3,2,1895,206,123,179,61,156,s0
frame=3,3,347,206,109,186,42,164,s0
frame=3,4,694,206,101,185,43,163,s0
frame=3,5,0,394,109,179,41,156,s0
frame=3,6,1139,394,123,165,61,136,s0
frame=3,7,466,394,109,173,66,149,s0

[shoot]
frames=4
duration=800ms
type=play_once
active_frame=2
frame=0,0,415,1298,117,135,70,112,s0
frame=0,1,1931,574,109,145,65,122,s0
frame=0,2,1385,394,110,160,55,136,s0
frame=0,3,0,725,111,145,45,122,s0
frame=0,4,533,1298,117,135,46,112,s0
frame=0,5,1808,394,106,151,43,124,s0
frame=0,6,361,574,111,149,55,113,s0
frame=0,7,803,574,108,148,62,121,s0
frame=1,0,1610,0,102,189,58,167,s0
frame=1,1,1117,206,108,183,66,161,s0
frame=1,2,1226,206,121,183,61,160,s0
frame=1,3,1348,206,109,183,42,161,s0
frame=1,4,1713,0,102,188,43,166,s0
frame=1,5,686,394,106,172,41,149,s0
frame=1,6,1263,394,121,164,61,134,s0
frame=1,7,1028,394,110,169,67,146,s0
frame=2,0,541,0,92,197,50,176,s0
frame=2,1,337,0,110,199,65,177,s0
frame=2,2,0,206,126,187,63,165,s0
frame=2,3,0,0,112,205,46,184,s0
frame=2,4,727,0,92,194,41,173,s0
frame=2,5,457,206,109,186,45,164,s0
frame=2,6,110,394,126,178,63,152,s0
frame=2,7,820,0,111,194,65,172,s0
frame=3,0,1458,206,101,182,57,160,s0
frame=3,1,1285,0,110,192,68,170,s0
frame=3,2,1059,0,123,193,61,170,s0
frame=3,3,796,206,109,185,42,163,s0
frame=3,4,1183,0,101,193,43,171,s0
frame=3,5,1560,206,109,181,41,158,s0
frame=3,6,793,394,123,171,61,142,s0
frame=3,7,576,394,109,173,66,149,s0

[block]
frames=2
duration=200ms
type=play_once
frame=0,0,0,1434,123,134,74,112,s0
frame=0,1,1928,871,105,141,59,117,s0
frame=0,2,1915,725,87,143,43,118,s0
frame=0,3,1308,1015,105,140,46,117,s0
frame=0,4,124,1434,123,134,48,112,s0
frame=0,5,1471,1434,104,133,45,103,s0
frame=0,6,248,1434,87,134,43,96,s0
frame=0,7,1576,1434,106,133,59,103,s0
frame=1,0,651,1298,123,135,74,113,s0
frame=1,1,0,1015,105,141,59,117,s0
frame=1,2,0,871,87,143,43,118,s0
frame=1,3,1414,1015,105,140,46,117,s0
frame=1,4,1683,1434,123,133,48,111,s0
frame=1,5,1807,1434,104,133,45,103,s0
frame=1,6,775,1298,87,135,43,97,s0
frame=1,7,336,1434,106,134,59,104,s0

[hit]
frames=2
duration=133ms
type=back_forth
frame=0,0,1540,1157,97,136,57,115,s0
frame=0,1,106,1015,83,141,44,120,s0
frame=0,2,996,574,80,147,40,126,s0
frame=0,3,1520,1015,85,140,40,120,s0
frame=0,4,863,1298,97,135,39,114,s0
frame=0,5,1638,1157,83,136,38,113,s0
frame=0,6,1606,1015,80,140,39,111,s0
frame=0,7,937,1157,85,137,44,114,s0
frame=1,0,1722,1157,97,136,57,115,s0
frame=1,1,190,1015,83,141,44,120,s0
frame=1,2,1077,574,80,147,40,126,s0
frame=1,3,1687,1015,85,140,40,120,s0
frame=1,4,961,1298,97,135,39,114,s0
frame=1,5,1820,1157,83,136,38,113,s0
frame=1,6,1773,1015,80,140,39,111,s0
frame=1,7,1023,1157,85,137,44,114,s0

[die]
frames=6
duration=800ms
type=play_once
frame=0,0,1912,1434,123,133,74,112,s0
frame=0,1,274,1015,102,141,56,117,s0
frame=0,2,88,871,80,143,40,118,s0
frame=0,3,1854,1015,103,140,46,117,s0
frame=0,4,0,1569,123,133,48,112,s0
frame=0,5,1426,1569,102,132,45,103,s0
frame=0,6,443,1434,80,134,39,96,s0
frame=0,7,1529,1569,103,132,56,103,s0
frame=1,0,1327,1836,132,128,91,107,s0
frame=1,1,879,871,109,142,68,120,s0
frame=1,2,946,725,83,144,41,123,s0
frame=1,3,0,1157,110,140,41,119,s0
frame=1,4,1790,1836,132,127,40,106,s0
frame=1,5,1864,0,109,124,40,89,s1
frame=1,6,506,1703,83,131,41,85,s0
frame=1,7,803,0,110,126,68,91,s1
frame=2,0,296,252,136,105,114,83,s1
frame=2,1,0,127,115,124,84,109,s1
frame=2,2,402,1836,85,129,42,118,s0
frame=2,3,116,127,113,124,28,108,s1
frame=2,4,749,252,136,104,21,82,s1
frame=2,5,1469,252,115,100,30,57,s1
frame=2,6,1663,127,85,114,42,56,s1
frame=2,7,989,252,113,101,84,58,s1
frame=3,0,835,458,124,78,122,55,s1
frame=3,1,1825,360,115,88,95,78,s1
frame=3,2,823,360,87,92,43,91,s1
frame=3,3,0,458,116,88,19,78,s1
frame=3,4,960,458,124,78,1,55,s1
frame=3,5,0,360,115,97,19,48,s1
frame=3,6,433,252,87,105,43,43,s1
frame=3,7,410,360,116,96,96,48,s1
frame=4,0,625,547,124,73,124,50,s1
frame=4,1,1625,547,112,68,97,59,s1
frame=4,2,1801,458,89,75,44,74,s1
frame=4,3,1738,547,114,67,15,59,s1
frame=4,4,750,547,124,73,-1,50,s1
frame=4,5,1258,360,112,89,14,39,s1
frame=4,6,1812,252,89,98,44,35,s1
frame=4,7,1371,360,114,89,98,40,s1
frame=5,0,875,547,124,73,124,50,s1
frame=5,1,1853,547,112,67,97,58,s1
frame=5,2,125,547,89,74,44,73,s1
frame=5,3,226,623,114,66,15,58,s1
frame=5,4,1000,547,124,73,-1,50,s1
frame=5,5,1486,360,112,89,14,39,s1
frame=5,6,527,360,89,96,44,33,s1
frame=5,7,117,458,114,88,98,39,s1

[critdie]
frames=8
duration=1066ms
type=play_once
frame=0,0,124,1569,123,133,74,112,s0
frame=0,1,377,1015,102,141,56,117,s0
frame=0,2,169,871,80,143,40,118,s0
frame=0,3,111,1157,103,140,46,117,s0
frame=0,4,248,1569,123,133,48,112,s0
frame=0,5,1633,1569,102,132,45,103,s0
frame=0,6,524,1434,80,134,39,96,s0
frame=0,7,1736,1569,103,132,56,103,s0
frame=1,0,590,1703,128,131,83,110,s0
frame=1,1,989,871,105,142,62,119,s0
frame=1,2,1030,725,81,144,40,121,s0
frame=1,3,480,1015,106,141,43,119,s0
frame=1,4,1864,1703,128,130,44,109,s0
frame=1,5,1460,1836,105,128,42,96,s0
frame=1,6,605,1434,81,134,40,91,s0
frame=1,7,488,1836,106,129,62,97,s0
frame=2,0,617,127,137,122,103,100,s1
frame=2,1,1109,1157,113,137,76,118,s0
frame=2,2,1095,871,85,142,42,124,s0
frame=2,3,1223,1157,113,137,36,118,s0
frame=2,4,755,127,137,120,33,98,s1
frame=2,5,1351,127,113,116,36,77,s1
frame=2,6,1359,0,85,125,42,73,s1
frame=2,7,1465,127,113,116,76,77,s1
frame=3,0,1103,252,135,101,116,79,s1
frame=3,1,893,127,115,120,86,106,s1
frame=3,2,1445,0,85,125,42,115,s1
frame=3,3,1237,127,113,119,26,104,s1
frame=3,4,1675,252,136,99,19,77,s1
frame=3,5,1239,252,115,101,28,57,s1
frame=3,6,1852,127,85,113,42,54,s1
frame=3,7,1355,252,113,101,86,57,s1
frame=4,0,1085,458,125,78,120,56,s1
frame=4,1,707,360,115,94,94,83,s1
frame=4,2,116,360,87,97,43,94,s1
frame=4,3,911,360,116,92,20,81,s1
frame=4,4,1211,458,125,78,4,56,s1
frame=4,5,204,360,115,97,20,49,s1
frame=4,6,208,252,87,106,43,45,s1
frame=4,7,1902,252,116,98,95,50,s1
frame=5,0,1891,458,124,75,124,52,s1
frame=5,1,215,547,113,74,97,65,s1
frame=5,2,462,458,89,79,44,79,s1
frame=5,3,329,547,115,74,16,65,s1
frame=5,4,0,547,124,75,-1,52,s1
frame=5,5,1028,360,113,92,15,42,s1
frame=5,6,1585,252,89,100,44,37,s1
frame=5,7,1142,360,115,91,98,42,s1
frame=6,0,1125,547,124,73,124,50,s1
frame=6,1,0,623,112,67,97,58,s1
frame=6,2,445,547,89,74,44,73,s1
frame=6,3,341,623,114,66,15,58,s1
frame=6,4,1250,547,124,73,-1,50,s1
frame=6,5,1599,360,112,89,14,39,s1
frame=6,6,320,360,89,97,44,34,s1
frame=6,7,232,458,114,88,98,39,s1
frame=7,0,1375,547,124,73,124,50,s1
frame=7,1,113,623,112,67,97,58,s1
frame=7,2,535,547,89,74,44,73,s1
frame=7,3,456,623,114,66,15,58,s1
frame=7,4,1500,547,124,73,-1,50,s1
frame=7,5,1712,360,112,89,14,39,s1
frame=7,6,617,360,89,95,44,32,s1
frame=7,7,347,458,114,88,98,39,s1

[spawn]
frames=6
duration=800ms
type=play_once
frame=0,0,1818,623,66,33,29,27,s1
frame=0,1,1328,623,60,43,40,36,s1
frame=0,2,129,691,66,29,32,23,s1
frame=0,3,1389,623,61,41,24,25,s1
frame=0,4,1518,623,78,39,37,30,s1
frame=0,5,0,691,61,30,37,30,s1
frame=0,6,62,691,66,30,38,32,s1
frame=0,7,1597,623,66,39,35,25,s1
frame=1,0,1752,623,65,34,31,27,s1
frame=1,1,788,623,55,50,31,36,s1
frame=1,2,1885,623,47,33,26,36,s1
frame=1,3,1933,623,61,32,31,23,s1
frame=1,4,1664,623,46,37,23,37,s1
frame=1,5,1451,623,66,41,34,29,s1
frame=1,6,931,623,53,49,25,42,s1
frame=1,7,1711,623,40,37,22,24,s1
frame=2,0,985,623,93,47,69,30,s1
frame=2,1,1164,623,86,45,53,34,s1
frame=2,2,720,623,67,52,33,35,s1
frame=2,3,1251,623,76,45,22,34,s1
frame=2,4,1079,623,84,46,14,29,s1
frame=2,5,844,623,86,50,32,23,s1
frame=2,6,571,623,71,55,33,20,s1
frame=2,7,643,623,76,53,53,26,s1
frame=3,0,552,458,106,79,74,57,s1
frame=3,1,1337,458,86,78,56,62,s1
frame=3,2,659,458,87,79,43,63,s1
frame=3,3,1424,458,87,78,30,62,s1
frame=3,4,1512,458,105,78,30,56,s1
frame=3,5,1706,458,94,76,37,47,s1
frame=3,6,747,458,87,79,43,41,s1
frame=3,7,1618,458,87,78,56,49,s1
frame=4,0,0,252,123,107,74,85,s1
frame=4,1,1749,127,102,114,56,90,s1
frame=4,2,1579,127,83,116,41,91,s1
frame=4,3,1938,127,103,112,46,89,s1
frame=4,4,521,252,123,105,48,83,s1
frame=4,5,886,252,102,103,45,74,s1
frame=4,6,124,252,83,107,41,69,s1
frame=4,7,645,252,103,105,56,76,s1
frame=5,0,372,1569,123,133,74,112,s0
frame=5,1,587,1015,102,141,56,117,s0
frame=5,2,250,871,80,143,40,118,s0
frame=5,3,215,1157,103,140,46,117,s0
frame=5,4,1840,1569,123,132,48,111,s0
frame=5,5,719,1703,102,131,45,102,s0
frame=5,6,1059,1298,80,135,39,97,s0
frame=5,7,0,1703,103,132,56,103,s0
