# GENERATED by tools/gen_serpents.py -- edit SPECIES there, not this file.
image=images/enemies/rd_jararaca_0.png,s0

[stance]
frames=4
duration=533ms
type=back_forth
frame=0,0,1200,235,66,23,30,18,s0
frame=0,1,651,56,51,40,23,27,s0
frame=0,2,249,0,23,49,8,30,s0
frame=0,3,146,56,49,41,25,27,s0
frame=0,4,1315,206,67,26,36,18,s0
frame=0,5,1383,206,52,26,28,14,s0
frame=0,6,1617,99,23,35,14,19,s0
frame=0,7,1861,174,48,28,23,16,s0
frame=1,0,1267,235,67,23,30,19,s0
frame=1,1,703,56,53,40,23,28,s0
frame=1,2,150,0,23,50,7,31,s0
frame=1,3,1582,0,48,43,24,28,s0
frame=1,4,874,206,67,27,36,19,s0
frame=1,5,702,235,53,25,29,13,s0
frame=1,6,903,99,23,36,15,20,s0
frame=1,7,1910,174,47,28,23,16,s0
frame=2,0,1731,235,67,22,30,18,s0
frame=2,1,1147,56,54,39,23,27,s0
frame=2,2,273,0,22,49,6,30,s0
frame=2,3,1631,0,46,43,22,27,s0
frame=2,4,1436,206,67,26,36,18,s0
frame=2,5,756,235,54,25,30,13,s0
frame=2,6,927,99,22,36,15,20,s0
frame=2,7,1096,174,46,29,23,17,s0
frame=3,0,350,262,67,21,30,17,s0
frame=3,1,202,99,55,37,23,26,s0
frame=3,2,534,0,24,48,7,29,s0
frame=3,3,1864,0,45,42,21,26,s0
frame=3,4,1504,206,68,26,37,17,s0
frame=3,5,811,235,56,25,32,13,s0
frame=3,6,950,99,24,36,16,20,s0
frame=3,7,1143,174,45,29,23,17,s0

[run]
frames=8
duration=533ms
type=looped
frame=0,0,1398,262,73,19,33,14,s0
frame=0,1,1202,56,53,39,25,24,s0
frame=0,2,559,0,20,48,8,28,s0
frame=0,3,1256,56,54,39,28,24,s0
frame=0,4,909,262,73,20,39,14,s0
frame=0,5,1958,174,54,28,28,15,s0
frame=0,6,1828,56,20,38,11,21,s0
frame=0,7,1189,174,53,29,25,16,s0
frame=1,0,0,285,73,18,33,14,s0
frame=1,1,258,99,58,37,25,24,s0
frame=1,2,580,0,20,48,6,28,s0
frame=1,3,196,56,50,41,24,24,s0
frame=1,4,1799,235,73,22,39,14,s0
frame=1,5,1573,206,58,26,32,13,s0
frame=1,6,1849,56,20,38,13,21,s0
frame=1,7,1034,138,49,31,25,18,s0
frame=2,0,74,285,73,18,33,14,s0
frame=2,1,975,99,60,36,25,24,s0
frame=2,2,601,0,22,48,7,28,s0
frame=2,3,1910,0,48,42,22,24,s0
frame=2,4,1873,235,74,22,40,14,s0
frame=2,5,1632,206,60,26,34,13,s0
frame=2,6,1870,56,22,38,14,21,s0
frame=2,7,787,138,48,32,25,19,s0
frame=3,0,1472,262,73,19,33,14,s0
frame=3,1,317,99,58,37,25,24,s0
frame=3,2,624,0,19,48,7,28,s0
frame=3,3,247,56,50,41,24,24,s0
frame=3,4,418,262,73,21,39,14,s0
frame=3,5,0,206,58,28,32,15,s0
frame=3,6,1893,56,19,38,11,21,s0
frame=3,7,1084,138,49,31,25,18,s0
frame=4,0,983,262,73,20,33,14,s0
frame=4,1,1311,56,53,39,25,24,s0
frame=4,2,644,0,20,48,11,28,s0
frame=4,3,1365,56,54,39,28,24,s0
frame=4,4,1546,262,73,19,39,14,s0
frame=4,5,1243,174,54,29,28,16,s0
frame=4,6,1913,56,20,38,8,21,s0
frame=4,7,59,206,53,28,25,15,s0
frame=5,0,1948,235,73,22,33,14,s0
frame=5,1,298,56,49,41,25,24,s0
frame=5,2,665,0,20,48,13,28,s0
frame=5,3,376,99,58,37,32,24,s0
frame=5,4,148,285,73,18,39,14,s0
frame=5,5,1134,138,50,31,24,18,s0
frame=5,6,1934,56,20,38,6,21,s0
frame=5,7,1693,206,58,26,25,13,s0
frame=6,0,0,262,73,22,33,14,s0
frame=6,1,1959,0,48,42,25,24,s0
frame=6,2,686,0,22,48,14,28,s0
frame=6,3,1036,99,60,36,34,24,s0
frame=6,4,222,285,74,18,40,14,s0
frame=6,5,836,138,48,32,22,19,s0
frame=6,6,1955,56,22,38,7,21,s0
frame=6,7,1752,206,60,26,25,13,s0
frame=7,0,492,262,73,21,33,14,s0
frame=7,1,348,56,49,41,25,24,s0
frame=7,2,709,0,19,48,11,28,s0
frame=7,3,435,99,58,37,32,24,s0
frame=7,4,1620,262,73,19,39,14,s0
frame=7,5,1185,138,50,31,24,18,s0
frame=7,6,1978,56,19,38,7,21,s0
frame=7,7,113,206,58,28,25,15,s0

[swing]
frames=4
duration=400ms
type=play_once
active_frame=2
frame=0,0,942,206,60,27,22,22,s0
frame=0,1,757,56,48,40,17,27,s0
frame=0,2,296,0,24,49,8,30,s0
frame=0,3,1678,0,44,43,26,27,s0
frame=0,4,194,174,60,30,37,22,s0
frame=0,5,1813,206,48,26,30,16,s0
frame=0,6,885,138,24,32,15,20,s0
frame=0,7,1003,206,43,27,17,17,s0
frame=1,0,172,206,58,28,19,23,s0
frame=1,1,0,56,47,42,15,28,s0
frame=1,2,174,0,24,50,8,30,s0
frame=1,3,1539,0,42,44,26,28,s0
frame=1,4,1236,138,58,31,38,23,s0
frame=1,5,1047,206,47,27,31,19,s0
frame=1,6,1295,138,24,31,15,21,s0
frame=1,7,1095,206,42,27,15,19,s0
frame=2,0,297,285,78,18,52,12,s0
frame=2,1,1420,56,55,39,38,28,s0
frame=2,2,729,0,18,48,10,35,s0
frame=2,3,494,99,59,37,20,28,s0
frame=2,4,677,285,78,16,25,12,s0
frame=2,5,1320,138,55,31,16,11,s0
frame=2,6,398,56,18,41,7,14,s0
frame=2,7,255,174,59,30,38,10,s0
frame=3,0,1057,262,70,20,39,15,s0
frame=3,1,0,99,53,38,29,27,s0
frame=3,2,748,0,20,48,7,32,s0
frame=3,3,1476,56,51,39,21,27,s0
frame=3,4,74,262,71,22,31,15,s0
frame=3,5,231,206,53,28,23,12,s0
frame=3,6,554,99,20,37,12,17,s0
frame=3,7,315,174,51,30,29,14,s0

[cast]
frames=4
duration=500ms
type=play_once
active_frame=2
frame=0,0,1138,206,61,27,24,22,s0
frame=0,1,48,56,48,42,19,28,s0
frame=0,2,199,0,24,50,9,31,s0
frame=0,3,1723,0,46,43,26,28,s0
frame=0,4,367,174,61,30,36,22,s0
frame=0,5,1862,206,48,26,28,16,s0
frame=0,6,587,138,24,33,14,20,s0
frame=0,7,1911,206,45,26,19,16,s0
frame=1,0,1376,138,61,31,24,26,s0
frame=1,1,1148,0,48,46,19,32,s0
frame=1,2,50,0,24,53,9,34,s0
frame=1,3,867,0,46,47,26,32,s0
frame=1,4,339,138,61,34,36,26,s0
frame=1,5,429,174,48,30,28,20,s0
frame=1,6,612,138,24,33,14,20,s0
frame=1,7,478,174,45,30,19,20,s0
frame=2,0,910,138,61,32,24,27,s0
frame=2,1,769,0,48,48,19,34,s0
frame=2,2,0,0,24,55,9,36,s0
frame=2,3,321,0,46,49,26,34,s0
frame=2,4,1641,99,61,35,36,27,s0
frame=2,5,1438,138,48,31,28,21,s0
frame=2,6,637,138,24,33,14,20,s0
frame=2,7,1487,138,45,31,19,21,s0
frame=3,0,1533,138,61,31,24,26,s0
frame=3,1,1197,0,48,46,19,32,s0
frame=3,2,75,0,24,53,9,34,s0
frame=3,3,914,0,46,47,26,32,s0
frame=3,4,401,138,61,34,36,26,s0
frame=3,5,524,174,48,30,28,20,s0
frame=3,6,662,138,24,33,14,20,s0
frame=3,7,573,174,45,30,19,20,s0

[shoot]
frames=4
duration=500ms
type=play_once
active_frame=2
frame=0,0,1200,206,61,27,24,22,s0
frame=0,1,97,56,48,42,19,28,s0
frame=0,2,224,0,24,50,9,31,s0
frame=0,3,1770,0,46,43,26,28,s0
frame=0,4,619,174,61,30,36,22,s0
frame=0,5,1957,206,48,26,28,16,s0
frame=0,6,687,138,24,33,14,20,s0
frame=0,7,0,235,45,26,19,16,s0
frame=1,0,1595,138,61,31,24,26,s0
frame=1,1,1246,0,48,46,19,32,s0
frame=1,2,100,0,24,53,9,34,s0
frame=1,3,961,0,46,47,26,32,s0
frame=1,4,463,138,61,34,36,26,s0
frame=1,5,681,174,48,30,28,20,s0
frame=1,6,712,138,24,33,14,20,s0
frame=1,7,730,174,45,30,19,20,s0
frame=2,0,972,138,61,32,24,27,s0
frame=2,1,818,0,48,48,19,34,s0
frame=2,2,25,0,24,55,9,36,s0
frame=2,3,368,0,46,49,26,34,s0
frame=2,4,1703,99,61,35,36,27,s0
frame=2,5,1657,138,48,31,28,21,s0
frame=2,6,737,138,24,33,14,20,s0
frame=2,7,1706,138,45,31,19,21,s0
frame=3,0,1752,138,61,31,24,26,s0
frame=3,1,1295,0,48,46,19,32,s0
frame=3,2,125,0,24,53,9,34,s0
frame=3,3,1008,0,46,47,26,32,s0
frame=3,4,525,138,61,34,36,26,s0
frame=3,5,776,174,48,30,28,20,s0
frame=3,6,762,138,24,33,14,20,s0
frame=3,7,825,174,45,30,19,20,s0

[block]
frames=2
duration=200ms
type=play_once
frame=0,0,1335,235,66,23,30,18,s0
frame=0,1,806,56,51,40,23,27,s0
frame=0,2,415,0,23,49,8,30,s0
frame=0,3,417,56,49,41,25,27,s0
frame=0,4,46,235,67,26,36,18,s0
frame=0,5,114,235,52,26,28,14,s0
frame=0,6,1765,99,23,35,14,19,s0
frame=0,7,285,206,48,28,23,16,s0
frame=1,0,146,262,67,22,30,18,s0
frame=1,1,1528,56,54,39,23,27,s0
frame=1,2,439,0,22,49,6,30,s0
frame=1,3,1817,0,46,43,22,27,s0
frame=1,4,167,235,67,26,36,18,s0
frame=1,5,868,235,54,25,30,13,s0
frame=1,6,1097,99,22,36,15,20,s0
frame=1,7,1298,174,46,29,23,17,s0

[hit]
frames=2
duration=133ms
type=back_forth
frame=0,0,566,262,66,21,26,16,s0
frame=0,1,575,99,51,37,20,23,s0
frame=0,2,1055,0,23,47,8,26,s0
frame=0,3,1583,56,49,39,28,23,s0
frame=0,4,1002,235,67,24,40,16,s0
frame=0,5,235,235,51,26,30,15,s0
frame=0,6,1789,99,23,35,14,21,s0
frame=0,7,334,206,48,28,20,17,s0
frame=1,0,633,262,66,21,26,16,s0
frame=1,1,627,99,51,37,20,23,s0
frame=1,2,1079,0,23,47,8,26,s0
frame=1,3,1633,56,49,39,28,23,s0
frame=1,4,1070,235,67,24,40,16,s0
frame=1,5,287,235,51,26,30,15,s0
frame=1,6,1813,99,23,35,14,21,s0
frame=1,7,383,206,48,28,20,17,s0

[die]
frames=6
duration=800ms
type=play_once
frame=0,0,1402,235,66,23,30,18,s0
frame=0,1,858,56,51,40,23,27,s0
frame=0,2,462,0,23,49,8,30,s0
frame=0,3,467,56,49,41,25,27,s0
frame=0,4,339,235,67,26,36,18,s0
frame=0,5,407,235,52,26,28,14,s0
frame=0,6,1837,99,23,35,14,19,s0
frame=0,7,432,206,48,28,23,16,s0
frame=1,0,1128,262,69,20,31,15,s0
frame=1,1,54,99,52,38,23,24,s0
frame=1,2,1103,0,21,47,7,27,s0
frame=1,3,1683,56,51,39,27,24,s0
frame=1,4,214,262,70,22,38,15,s0
frame=1,5,481,206,52,28,28,15,s0
frame=1,6,1120,99,21,36,13,20,s0
frame=1,7,1345,174,50,29,23,16,s0
frame=2,0,420,285,71,17,31,13,s0
frame=2,1,679,99,54,37,24,22,s0
frame=2,2,1344,0,20,46,7,25,s0
frame=2,3,734,99,53,37,28,22,s0
frame=2,4,1198,262,72,20,40,13,s0
frame=2,5,534,206,54,28,29,15,s0
frame=2,6,107,99,20,38,12,21,s0
frame=2,7,1396,174,53,29,24,16,s0
frame=3,0,1193,285,74,15,32,11,s0
frame=3,1,1861,99,56,35,25,20,s0
frame=3,2,1441,0,19,45,7,24,s0
frame=3,3,1142,99,55,36,29,20,s0
frame=3,4,492,285,75,17,42,11,s0
frame=3,5,1450,174,56,29,30,16,s0
frame=3,6,1735,56,19,39,11,22,s0
frame=3,7,871,174,55,30,25,17,s0
frame=4,0,1654,285,76,14,33,10,s0
frame=4,1,1918,99,57,35,25,19,s0
frame=4,2,1461,0,18,45,7,23,s0
frame=4,3,1976,99,56,35,30,19,s0
frame=4,4,756,285,77,16,43,10,s0
frame=4,5,1507,174,57,29,31,16,s0
frame=4,6,910,56,18,40,10,23,s0
frame=4,7,927,174,56,30,25,17,s0
frame=5,0,1952,285,79,13,34,9,s0
frame=5,1,0,138,58,35,26,19,s0
frame=5,2,1365,0,16,46,6,23,s0
frame=5,3,1198,99,58,36,31,19,s0
frame=5,4,1268,285,79,15,44,9,s0
frame=5,5,1814,138,59,31,32,17,s0
frame=5,6,517,56,16,41,9,23,s0
frame=5,7,1874,138,58,31,26,17,s0

[critdie]
frames=8
duration=1066ms
type=play_once
frame=0,0,1469,235,66,23,30,18,s0
frame=0,1,929,56,51,40,23,27,s0
frame=0,2,486,0,23,49,8,30,s0
frame=0,3,534,56,49,41,25,27,s0
frame=0,4,460,235,67,26,36,18,s0
frame=0,5,528,235,52,26,28,14,s0
frame=0,6,59,138,23,35,14,19,s0
frame=0,7,589,206,48,28,23,16,s0
frame=1,0,700,262,68,21,30,16,s0
frame=1,1,1755,56,52,39,23,25,s0
frame=1,2,1125,0,22,47,8,28,s0
frame=1,3,981,56,50,40,26,25,s0
frame=1,4,1536,235,68,23,37,16,s0
frame=1,5,638,206,52,28,28,15,s0
frame=1,6,1257,99,22,36,13,20,s0
frame=1,7,1565,174,50,29,23,16,s0
frame=2,0,1694,262,70,19,31,14,s0
frame=2,1,788,99,53,37,24,23,s0
frame=2,2,1382,0,20,46,7,26,s0
frame=2,3,128,99,52,38,27,23,s0
frame=2,4,769,262,71,21,39,14,s0
frame=2,5,691,206,54,28,29,15,s0
frame=2,6,842,99,20,37,12,21,s0
frame=2,7,1616,174,52,29,24,16,s0
frame=3,0,834,285,72,16,31,12,s0
frame=3,1,1280,99,54,36,24,21,s0
frame=3,2,1403,0,20,46,7,25,s0
frame=3,3,1335,99,53,36,28,21,s0
frame=3,4,1765,262,72,19,40,12,s0
frame=3,5,746,206,54,28,29,15,s0
frame=3,6,181,99,20,38,12,21,s0
frame=3,7,1669,174,53,29,24,16,s0
frame=4,0,1348,285,74,15,32,11,s0
frame=4,1,83,138,56,35,25,20,s0
frame=4,2,1480,0,19,45,7,24,s0
frame=4,3,1389,99,54,36,29,20,s0
frame=4,4,568,285,74,17,41,11,s0
frame=4,5,1723,174,55,29,30,16,s0
frame=4,6,1808,56,19,39,11,22,s0
frame=4,7,984,174,54,30,25,17,s0
frame=5,0,1731,285,76,14,33,10,s0
frame=5,1,1444,99,56,36,25,20,s0
frame=5,2,1500,0,19,45,7,23,s0
frame=5,3,1501,99,56,36,30,20,s0
frame=5,4,907,285,76,16,42,10,s0
frame=5,5,1779,174,57,29,31,16,s0
frame=5,6,1032,56,19,40,11,23,s0
frame=5,7,1039,174,56,30,25,17,s0
frame=6,0,1808,285,77,14,33,10,s0
frame=6,1,140,138,57,35,25,19,s0
frame=6,2,1520,0,18,45,7,23,s0
frame=6,3,198,138,57,35,31,19,s0
frame=6,4,984,285,77,16,43,10,s0
frame=6,5,1933,138,57,31,31,17,s0
frame=6,6,1052,56,18,40,10,23,s0
frame=6,7,1991,138,56,31,25,17,s0
frame=7,0,0,304,79,13,34,9,s0
frame=7,1,256,138,58,35,26,19,s0
frame=7,2,1424,0,16,46,6,23,s0
frame=7,3,1558,99,58,36,31,19,s0
frame=7,4,1423,285,79,15,44,9,s0
frame=7,5,0,174,59,31,32,17,s0
frame=7,6,584,56,16,41,9,23,s0
frame=7,7,60,174,58,31,26,17,s0

[spawn]
frames=6
duration=800ms
type=play_once
frame=0,0,1503,285,22,15,11,12,s0
frame=0,1,376,285,20,18,11,11,s0
frame=0,2,1526,285,18,15,7,11,s0
frame=0,3,397,285,22,18,11,12,s0
frame=0,4,1062,285,20,16,8,11,s0
frame=0,5,1886,285,22,14,10,11,s0
frame=0,6,114,304,20,12,10,10,s0
frame=0,7,1083,285,19,16,7,10,s0
frame=1,0,1909,285,42,14,30,10,s0
frame=1,1,1545,285,31,15,23,12,s0
frame=1,2,1838,262,22,19,11,16,s0
frame=1,3,80,304,33,13,9,12,s0
frame=1,4,1103,285,42,16,11,10,s0
frame=1,5,1271,262,33,20,9,8,s0
frame=1,6,1262,206,16,27,7,11,s0
frame=1,7,285,262,29,22,23,10,s0
frame=2,0,1577,285,37,15,30,11,s0
frame=2,1,1861,262,35,19,23,16,s0
frame=2,2,841,262,16,21,8,19,s0
frame=2,3,643,285,33,17,9,16,s0
frame=2,4,1615,285,38,15,7,11,s0
frame=2,5,1138,235,35,24,11,12,s0
frame=2,6,801,206,23,28,12,12,s0
frame=2,7,1305,262,33,20,23,8,s0
frame=3,0,1146,285,46,16,30,11,s0
frame=3,1,1279,206,35,27,23,19,s0
frame=3,2,119,174,23,31,8,23,s0
frame=3,3,923,235,38,25,14,19,s0
frame=3,4,1897,262,46,19,15,11,s0
frame=3,5,315,262,34,22,10,10,s0
frame=3,6,1174,235,25,24,14,8,s0
frame=3,7,1944,262,38,19,23,7,s0
frame=4,0,1339,262,58,20,30,15,s0
frame=4,1,143,174,50,31,23,23,s0
frame=4,2,1071,56,23,40,8,26,s0
frame=4,3,863,99,39,37,15,23,s0
frame=4,4,1605,235,58,23,27,15,s0
frame=4,5,858,262,50,21,26,9,s0
frame=4,6,1837,174,23,29,14,13,s0
frame=4,7,962,235,39,25,23,13,s0
frame=5,0,1664,235,66,23,30,18,s0
frame=5,1,1095,56,51,40,23,27,s0
frame=5,2,510,0,23,49,8,30,s0
frame=5,3,601,56,49,41,25,27,s0
frame=5,4,581,235,67,26,36,18,s0
frame=5,5,649,235,52,26,28,14,s0
frame=5,6,315,138,23,35,14,19,s0
frame=5,7,825,206,48,28,23,16,s0
