# GENERATED by tools/gen_serpents.py -- edit SPECIES there, not this file.
image=images/enemies/rd_lobisomem_0.png,s0

[stance]
frames=4
duration=533ms
type=back_forth
frame=0,0,796,747,108,110,56,93,s0
frame=0,1,862,268,84,121,41,103,s0
frame=0,2,428,0,65,131,32,105,s0
frame=0,3,218,138,76,125,34,103,s0
frame=0,4,905,747,108,110,51,93,s0
frame=0,5,1696,1079,84,102,42,81,s0
frame=0,6,732,860,65,108,32,79,s0
frame=0,7,1781,1079,76,102,41,81,s0
frame=1,0,109,860,109,109,57,92,s0
frame=1,1,1211,138,78,124,41,103,s0
frame=1,2,494,0,65,131,32,105,s0
frame=1,3,514,268,82,122,40,103,s0
frame=1,4,219,860,109,109,51,92,s0
frame=1,5,558,1186,78,101,36,80,s0
frame=1,6,798,860,65,108,32,79,s0
frame=1,7,637,1186,82,101,41,80,s0
frame=2,0,1014,747,108,110,56,93,s0
frame=2,1,295,138,76,125,41,103,s0
frame=2,2,560,0,65,131,32,105,s0
frame=2,3,947,268,84,121,42,103,s0
frame=2,4,1123,747,108,110,51,93,s0
frame=2,5,1858,1079,76,102,34,81,s0
frame=2,6,864,860,65,108,32,79,s0
frame=2,7,1935,1079,84,102,41,81,s0
frame=3,0,218,747,107,111,55,94,s0
frame=3,1,597,268,81,122,40,103,s0
frame=3,2,626,0,64,131,32,105,s0
frame=3,3,1290,138,77,124,36,103,s0
frame=3,4,326,747,107,111,51,94,s0
frame=3,5,1310,1079,81,103,40,82,s0
frame=3,6,930,860,65,108,32,80,s0
frame=3,7,1392,1079,77,103,40,82,s0

[run]
frames=8
duration=533ms
type=looped
frame=0,0,366,971,112,106,61,88,s0
frame=0,1,883,392,86,119,44,102,s0
frame=0,2,691,0,67,131,33,105,s0
frame=0,3,1368,138,78,124,33,102,s0
frame=0,4,479,971,112,106,50,88,s0
frame=0,5,997,1186,86,100,41,77,s0
frame=0,6,996,860,67,108,33,77,s0
frame=0,7,1084,1186,78,100,44,77,s0
frame=1,0,112,1079,112,105,61,88,s0
frame=1,1,85,392,84,120,44,101,s0
frame=1,2,759,0,67,131,32,105,s0
frame=1,3,1032,268,81,121,36,101,s0
frame=1,4,592,971,112,106,50,88,s0
frame=1,5,1163,1186,84,100,39,77,s0
frame=1,6,1064,860,67,108,34,77,s0
frame=1,7,1248,1186,81,100,44,77,s0
frame=2,0,1470,1079,112,103,61,86,s0
frame=2,1,970,392,80,119,44,99,s0
frame=2,2,1653,0,67,129,32,103,s0
frame=2,3,1535,392,84,118,39,99,s0
frame=2,4,748,1079,112,104,50,86,s0
frame=2,5,660,1289,80,98,35,75,s0
frame=2,6,705,971,66,106,34,75,s0
frame=2,7,741,1289,84,98,44,75,s0
frame=3,0,225,1079,112,105,61,88,s0
frame=3,1,1678,138,78,123,44,101,s0
frame=3,2,827,0,67,131,32,105,s0
frame=3,3,1620,392,86,118,41,101,s0
frame=3,4,772,971,112,106,50,88,s0
frame=3,5,1330,1186,78,100,33,77,s0
frame=3,6,1132,860,67,108,34,77,s0
frame=3,7,1409,1186,86,100,44,77,s0
frame=4,0,885,971,112,106,61,88,s0
frame=4,1,1447,138,78,124,44,102,s0
frame=4,2,895,0,67,131,33,105,s0
frame=4,3,1051,392,86,119,41,102,s0
frame=4,4,998,971,112,106,50,88,s0
frame=4,5,1496,1186,78,100,33,77,s0
frame=4,6,1200,860,67,108,33,77,s0
frame=4,7,1575,1186,86,100,44,77,s0
frame=5,0,1111,971,112,106,61,88,s0
frame=5,1,1114,268,81,121,44,101,s0
frame=5,2,963,0,67,131,34,105,s0
frame=5,3,170,392,84,120,39,101,s0
frame=5,4,338,1079,112,105,50,88,s0
frame=5,5,1662,1186,81,100,36,77,s0
frame=5,6,1268,860,67,108,32,77,s0
frame=5,7,1744,1186,84,100,44,77,s0
frame=6,0,861,1079,112,104,61,86,s0
frame=6,1,1707,392,84,118,44,99,s0
frame=6,2,1721,0,66,129,34,103,s0
frame=6,3,1138,392,80,119,35,99,s0
frame=6,4,1583,1079,112,103,50,86,s0
frame=6,5,826,1289,84,98,39,75,s0
frame=6,6,1224,971,67,106,32,75,s0
frame=6,7,911,1289,80,98,44,75,s0
frame=7,0,1292,971,112,106,61,88,s0
frame=7,1,1792,392,86,118,44,101,s0
frame=7,2,1031,0,67,131,34,105,s0
frame=7,3,1757,138,78,123,33,101,s0
frame=7,4,451,1079,112,105,50,88,s0
frame=7,5,1829,1186,86,100,41,77,s0
frame=7,6,1336,860,67,108,32,77,s0
frame=7,7,1916,1186,78,100,44,77,s0

[swing]
frames=4
duration=450ms
type=play_once
active_frame=2
frame=0,0,454,514,103,115,52,96,s0
frame=0,1,1196,268,81,121,38,103,s0
frame=0,2,1512,0,71,130,36,104,s0
frame=0,3,372,138,72,125,33,103,s0
frame=0,4,1049,631,103,114,50,96,s0
frame=0,5,0,971,81,107,42,87,s0
frame=0,6,82,971,71,107,34,80,s0
frame=0,7,154,971,73,107,39,87,s0
frame=1,0,558,514,101,115,50,97,s0
frame=1,1,1836,138,72,123,36,103,s0
frame=1,2,1788,0,70,129,35,103,s0
frame=1,3,1909,138,79,123,39,105,s0
frame=1,4,679,268,101,122,50,104,s0
frame=1,5,1879,392,72,118,35,98,s0
frame=1,6,660,514,70,115,34,89,s0
frame=1,7,329,860,80,109,40,90,s0
frame=2,0,0,1289,111,100,62,83,s0
frame=2,1,0,514,77,116,45,95,s0
frame=2,2,445,138,68,125,32,100,s0
frame=2,3,1654,631,86,112,40,95,s0
frame=2,4,720,1186,111,101,48,83,s0
frame=2,5,992,1289,77,98,31,75,s0
frame=2,6,1232,747,67,110,35,78,s0
frame=2,7,1541,1289,86,95,45,72,s0
frame=3,0,974,1079,111,104,60,87,s0
frame=3,1,1219,392,84,119,44,100,s0
frame=3,2,1584,0,68,130,32,104,s0
frame=3,3,1278,268,79,121,35,100,s0
frame=3,4,564,1079,111,105,50,87,s0
frame=3,5,345,1289,83,99,39,76,s0
frame=3,6,228,971,67,107,35,76,s0
frame=3,7,429,1289,80,99,44,76,s0

[cast]
frames=4
duration=700ms
type=play_once
active_frame=2
frame=0,0,731,514,106,115,54,96,s0
frame=0,1,255,392,84,120,41,102,s0
frame=0,2,70,138,73,128,36,102,s0
frame=0,3,1526,138,75,124,33,102,s0
frame=0,4,838,514,106,115,51,96,s0
frame=0,5,410,860,84,109,42,88,s0
frame=0,6,1300,747,73,110,36,82,s0
frame=0,7,495,860,75,109,41,88,s0
frame=1,0,945,514,98,115,47,96,s0
frame=1,1,0,268,78,123,42,103,s0
frame=1,2,140,0,71,135,35,109,s0
frame=1,3,1358,268,81,121,39,103,s0
frame=1,4,1044,514,98,115,50,96,s0
frame=1,5,1143,514,77,115,35,94,s0
frame=1,6,1153,631,71,114,35,90,s0
frame=1,7,1221,514,82,115,42,94,s0
frame=2,0,340,392,93,120,43,102,s0
frame=2,1,1859,0,73,129,40,108,s0
frame=2,2,0,0,69,137,34,112,s0
frame=2,3,514,138,81,125,41,108,s0
frame=2,4,434,392,92,120,49,102,s0
frame=2,5,1304,514,72,115,32,95,s0
frame=2,6,1377,514,69,115,34,93,s0
frame=2,7,1447,514,82,115,40,95,s0
frame=3,0,1530,514,97,115,46,96,s0
frame=3,1,1440,268,82,121,42,103,s0
frame=3,2,212,0,71,135,35,109,s0
frame=3,3,79,268,77,123,35,103,s0
frame=3,4,1628,514,97,115,50,96,s0
frame=3,5,1726,514,81,115,39,94,s0
frame=3,6,1225,631,71,114,35,90,s0
frame=3,7,1808,514,78,115,42,94,s0

[shoot]
frames=4
duration=700ms
type=play_once
active_frame=2
frame=0,0,1887,514,106,115,54,96,s0
frame=0,1,527,392,84,120,41,102,s0
frame=0,2,144,138,73,128,36,102,s0
frame=0,3,1602,138,75,124,33,102,s0
frame=0,4,0,631,106,115,51,96,s0
frame=0,5,571,860,84,109,42,88,s0
frame=0,6,1374,747,73,110,36,82,s0
frame=0,7,656,860,75,109,41,88,s0
frame=1,0,107,631,98,115,47,96,s0
frame=1,1,157,268,78,123,42,103,s0
frame=1,2,284,0,71,135,35,109,s0
frame=1,3,1523,268,81,121,39,103,s0
frame=1,4,206,631,98,115,50,96,s0
frame=1,5,305,631,77,115,35,94,s0
frame=1,6,1297,631,71,114,35,90,s0
frame=1,7,383,631,82,115,42,94,s0
frame=2,0,612,392,93,120,43,102,s0
frame=2,1,1933,0,73,129,40,108,s0
frame=2,2,70,0,69,137,34,112,s0
frame=2,3,596,138,81,125,41,108,s0
frame=2,4,706,392,92,120,49,102,s0
frame=2,5,466,631,72,115,32,95,s0
frame=2,6,539,631,69,115,34,93,s0
frame=2,7,609,631,82,115,40,95,s0
frame=3,0,692,631,97,115,46,96,s0
frame=3,1,1605,268,82,121,42,103,s0
frame=3,2,356,0,71,135,35,109,s0
frame=3,3,236,268,77,123,35,103,s0
frame=3,4,790,631,97,115,50,96,s0
frame=3,5,888,631,81,115,39,94,s0
frame=3,6,1369,631,71,114,35,90,s0
frame=3,7,970,631,78,115,42,94,s0

[block]
frames=2
duration=200ms
type=play_once
frame=0,0,1741,631,108,112,56,93,s0
frame=0,1,1688,268,92,121,49,103,s0
frame=0,2,1099,0,73,131,36,105,s0
frame=0,3,678,138,84,125,34,103,s0
frame=0,4,1850,631,108,112,51,93,s0
frame=0,5,1405,971,92,106,42,81,s0
frame=0,6,1404,860,73,108,36,79,s0
frame=0,7,1498,971,84,106,49,81,s0
frame=1,0,0,747,108,112,56,93,s0
frame=1,1,763,138,84,125,49,103,s0
frame=1,2,1173,0,73,131,36,105,s0
frame=1,3,1781,268,92,121,42,103,s0
frame=1,4,109,747,108,112,51,93,s0
frame=1,5,1583,971,84,106,34,81,s0
frame=1,6,1478,860,73,108,36,79,s0
frame=1,7,1668,971,92,106,49,81,s0

[hit]
frames=2
duration=133ms
type=back_forth
frame=0,0,78,514,93,116,44,99,s0
frame=0,1,1304,392,73,119,32,102,s0
frame=0,2,848,138,65,125,32,100,s0
frame=0,3,314,268,64,123,31,102,s0
frame=0,4,172,514,93,116,48,99,s0
frame=0,5,434,747,73,111,40,94,s0
frame=0,6,1441,631,65,113,32,90,s0
frame=0,7,508,747,64,111,32,94,s0
frame=1,0,266,514,93,116,44,99,s0
frame=1,1,379,268,64,123,32,102,s0
frame=1,2,914,138,65,125,32,100,s0
frame=1,3,1378,392,73,119,40,102,s0
frame=1,4,360,514,93,116,48,99,s0
frame=1,5,573,747,64,111,31,94,s0
frame=1,6,1507,631,65,113,32,90,s0
frame=1,7,638,747,73,111,32,94,s0

[die]
frames=6
duration=800ms
type=play_once
frame=0,0,1448,747,108,110,56,93,s0
frame=0,1,1874,268,84,121,41,103,s0
frame=0,2,1247,0,65,131,32,105,s0
frame=0,3,980,138,76,125,34,103,s0
frame=0,4,1557,747,108,110,51,93,s0
frame=0,5,0,1186,84,102,42,81,s0
frame=0,6,1552,860,65,108,32,79,s0
frame=0,7,85,1186,76,102,41,81,s0
frame=1,0,1086,1079,111,104,69,86,s0
frame=1,1,1952,392,83,118,50,102,s0
frame=1,2,0,138,69,129,34,107,s0
frame=1,3,1452,392,82,119,31,102,s0
frame=1,4,1198,1079,111,104,41,86,s0
frame=1,5,1070,1289,83,98,32,72,s0
frame=1,6,1761,971,69,106,34,71,s0
frame=1,7,1154,1289,82,98,50,72,s0
frame=2,0,890,1390,105,86,89,68,s0
frame=2,1,1628,1289,79,95,69,86,s0
frame=2,2,676,1079,71,105,35,96,s0
frame=2,3,254,1390,86,91,16,86,s0
frame=2,4,996,1390,105,86,15,68,s0
frame=2,5,1237,1289,79,98,9,63,s0
frame=2,6,1618,860,71,108,35,63,s0
frame=2,7,1796,1289,86,94,69,59,s0
frame=3,0,1508,1484,105,72,107,53,s0
frame=3,1,212,1566,89,69,82,65,s0
frame=3,2,1251,1484,71,74,35,75,s0
frame=3,3,302,1566,88,69,6,65,s0
frame=3,4,724,1484,104,78,-3,59,s0
frame=3,5,165,1390,88,92,6,51,s0
frame=3,6,112,1289,71,100,35,46,s0
frame=3,7,582,1390,89,88,82,47,s0
frame=4,0,603,1566,105,68,106,49,s0
frame=4,1,0,1638,91,65,83,61,s0
frame=4,2,801,1566,73,67,36,67,s0
frame=4,3,1458,1566,91,66,7,62,s0
frame=4,4,391,1566,104,69,-2,50,s0
frame=4,5,437,1484,91,79,7,37,s0
frame=4,6,1259,1390,73,85,36,32,s0
frame=4,7,529,1484,91,79,83,37,s0
frame=5,0,1720,1484,105,71,106,52,s0
frame=5,1,875,1566,91,67,83,63,s0
frame=5,2,967,1566,73,67,36,67,s0
frame=5,3,289,1638,91,64,7,60,s0
frame=5,4,1550,1566,104,66,-2,47,s0
frame=5,5,995,1484,91,77,7,35,s0
frame=5,6,1333,1390,73,85,36,32,s0
frame=5,7,0,1484,91,81,83,39,s0

[critdie]
frames=8
duration=1066ms
type=play_once
frame=0,0,1666,747,108,110,56,93,s0
frame=0,1,1959,268,84,121,41,103,s0
frame=0,2,1313,0,65,131,32,105,s0
frame=0,3,1057,138,76,125,34,103,s0
frame=0,4,1775,747,108,110,51,93,s0
frame=0,5,162,1186,84,102,42,81,s0
frame=0,6,1690,860,65,108,32,79,s0
frame=0,7,247,1186,76,102,41,81,s0
frame=1,0,1831,971,111,106,64,89,s0
frame=1,1,799,392,83,120,46,103,s0
frame=1,2,1379,0,67,131,33,107,s0
frame=1,3,781,268,80,122,33,103,s0
frame=1,4,0,1079,111,106,46,89,s0
frame=1,5,832,1186,83,101,36,77,s0
frame=1,6,1756,860,67,108,33,75,s0
frame=1,7,916,1186,80,101,46,77,s0
frame=2,0,1317,1289,111,98,78,80,s0
frame=2,1,1573,631,80,113,56,99,s0
frame=2,2,444,268,69,123,34,106,s0
frame=2,3,712,747,83,111,26,99,s0
frame=2,4,1429,1289,111,98,32,80,s0
frame=2,5,0,1390,80,93,23,64,s0
frame=2,6,296,971,69,107,34,67,s0
frame=2,7,81,1390,83,93,56,64,s0
frame=3,0,1717,1390,105,82,93,64,s0
frame=3,1,341,1390,78,90,72,82,s0
frame=3,2,510,1289,71,99,35,93,s0
frame=3,3,1102,1390,86,86,14,82,s0
frame=3,4,1823,1390,105,82,11,64,s0
frame=3,5,582,1289,77,99,5,62,s0
frame=3,6,1824,860,71,108,35,61,s0
frame=3,7,1708,1289,87,95,72,58,s0
frame=4,0,1404,1484,103,73,106,54,s0
frame=4,1,1826,1484,87,71,81,67,s0
frame=4,2,1179,1484,71,76,35,77,s0
frame=4,3,1914,1484,87,71,5,67,s0
frame=4,4,621,1484,102,79,-4,60,s0
frame=4,5,1883,1289,87,94,5,53,s0
frame=4,6,324,1186,71,102,35,49,s0
frame=4,7,420,1390,87,90,81,49,s0
frame=5,0,496,1566,106,69,107,50,s0
frame=5,1,1655,1566,90,66,83,62,s0
frame=5,2,1041,1566,73,67,36,67,s0
frame=5,3,1115,1566,89,67,6,63,s0
frame=5,4,1614,1484,105,72,-2,53,s0
frame=5,5,1555,1390,89,83,6,41,s0
frame=5,6,508,1390,73,90,36,36,s0
frame=5,7,1929,1390,90,82,83,40,s0
frame=6,0,106,1566,105,70,106,51,s0
frame=6,1,1746,1566,91,66,83,62,s0
frame=6,2,1205,1566,73,67,36,67,s0
frame=6,3,92,1638,91,65,7,61,s0
frame=6,4,1279,1566,104,67,-2,48,s0
frame=6,5,829,1484,91,78,7,36,s0
frame=6,6,1407,1390,73,85,36,32,s0
frame=6,7,184,1484,91,80,83,38,s0
frame=7,0,0,1566,105,71,106,52,s0
frame=7,1,709,1566,91,68,83,64,s0
frame=7,2,1384,1566,73,67,36,67,s0
frame=7,3,381,1638,91,63,7,59,s0
frame=7,4,184,1638,104,65,-2,46,s0
frame=7,5,1087,1484,91,77,7,35,s0
frame=7,6,1481,1390,73,85,36,32,s0
frame=7,7,92,1484,91,81,83,39,s0

[spawn]
frames=6
duration=800ms
type=play_once
frame=0,0,1541,1638,50,35,24,28,s0
frame=0,1,1025,1638,56,43,29,32,s0
frame=0,2,1082,1638,46,43,30,31,s0
frame=0,3,1382,1638,59,39,29,32,s0
frame=0,4,1592,1638,48,35,28,25,s0
frame=0,5,1498,1638,42,36,23,22,s0
frame=0,6,1325,1638,56,41,32,33,s0
frame=0,7,1794,1638,47,32,28,26,s0
frame=1,0,1442,1638,55,38,26,26,s0
frame=1,1,1975,1638,49,29,25,25,s0
frame=1,2,1641,1638,49,35,22,28,s0
frame=1,3,1842,1638,44,32,15,24,s0
frame=1,4,1887,1638,46,32,21,25,s0
frame=1,5,1934,1638,40,31,18,27,s0
frame=1,6,1741,1638,52,33,25,17,s0
frame=1,7,1691,1638,49,34,28,25,s0
frame=2,0,1187,1638,79,42,49,25,s0
frame=2,1,907,1638,58,46,37,35,s0
frame=2,2,765,1638,64,47,32,37,s0
frame=2,3,1129,1638,57,43,19,35,s0
frame=2,4,830,1638,76,47,26,30,s0
frame=2,5,966,1638,58,44,20,25,s0
frame=2,6,700,1638,64,48,32,22,s0
frame=2,7,1267,1638,57,42,37,23,s0
frame=3,0,1838,1566,102,66,56,48,s0
frame=3,1,921,1484,73,78,41,58,s0
frame=3,2,1645,1390,71,83,35,60,s0
frame=3,3,1323,1484,80,74,38,58,s0
frame=3,4,1941,1566,102,66,45,48,s0
frame=3,5,545,1638,73,57,31,36,s0
frame=3,6,473,1638,71,63,35,34,s0
frame=3,7,619,1638,80,57,41,36,s0
frame=4,0,672,1390,108,88,56,70,s0
frame=4,1,184,1289,79,100,41,80,s0
frame=4,2,1896,860,69,108,34,82,s0
frame=4,3,264,1289,80,100,38,80,s0
frame=4,4,781,1390,108,88,51,70,s0
frame=4,5,276,1484,79,80,37,59,s0
frame=4,6,1189,1390,69,86,34,57,s0
frame=4,7,356,1484,80,80,41,59,s0
frame=5,0,1884,747,108,110,56,93,s0
frame=5,1,0,392,84,121,41,103,s0
frame=5,2,1447,0,64,131,32,105,s0
frame=5,3,1134,138,76,125,34,103,s0
frame=5,4,0,860,108,110,51,93,s0
frame=5,5,396,1186,84,102,42,81,s0
frame=5,6,1966,860,64,108,32,79,s0
frame=5,7,481,1186,76,102,41,81,s0
