# GENERATED by tools/gen_serpents.py -- edit SPECIES there, not this file.
image=images/enemies/rd_lobisomem_lua_0.png,s0
image=images/enemies/rd_lobisomem_lua_1.png,s1

[stance]
frames=4
duration=533ms
type=back_forth
frame=0,0,1237,1639,161,163,82,136,s0
frame=0,1,965,763,124,177,59,150,s0
frame=0,2,700,0,105,193,52,153,s0
frame=0,3,1934,203,111,183,51,150,s0
frame=0,4,1399,1639,161,163,78,136,s0
frame=0,5,281,641,124,151,64,120,s1
frame=0,6,830,0,105,160,52,118,s1
frame=0,7,406,641,111,151,59,120,s1
frame=1,0,936,0,163,160,84,134,s1
frame=1,1,233,580,116,181,60,150,s0
frame=1,2,806,0,105,193,51,153,s0
frame=1,3,494,763,121,178,60,150,s0
frame=1,4,1208,1806,163,162,78,134,s0
frame=1,5,1701,641,116,150,55,119,s1
frame=1,6,1496,1806,105,161,53,118,s0
frame=1,7,1818,641,121,150,60,119,s1
frame=2,0,1561,1639,161,163,82,136,s0
frame=2,1,0,396,111,183,59,150,s0
frame=2,2,912,0,105,193,52,153,s0
frame=2,3,1090,763,124,177,64,150,s0
frame=2,4,1723,1639,161,163,78,136,s0
frame=2,5,518,641,111,151,51,120,s1
frame=2,6,1100,0,105,160,52,118,s1
frame=2,7,630,641,124,151,59,120,s1
frame=3,0,324,1639,159,165,81,137,s0
frame=3,1,1683,580,119,179,58,151,s0
frame=3,2,1018,0,105,193,53,153,s0
frame=3,3,1076,396,114,182,55,151,s0
frame=3,4,1885,1639,159,163,77,137,s0
frame=3,5,755,641,119,151,60,121,s1
frame=3,6,1206,0,105,160,51,119,s1
frame=3,7,875,641,114,151,58,121,s1

[run]
frames=8
duration=533ms
type=looped
frame=0,0,546,162,166,159,89,131,s1
frame=0,1,1116,943,127,174,64,148,s0
frame=0,2,1124,0,111,193,55,154,s0
frame=0,3,906,580,115,180,50,148,s0
frame=0,4,713,162,166,159,76,131,s1
frame=0,5,741,794,127,148,62,115,s1
frame=0,6,1602,1806,111,161,55,116,s0
frame=0,7,0,794,115,149,64,116,s1
frame=1,0,1817,323,166,157,89,130,s1
frame=1,1,248,943,124,176,64,148,s0
frame=1,2,1900,0,109,192,53,153,s0
frame=1,3,616,763,119,178,54,148,s0
frame=1,4,880,162,166,159,76,130,s1
frame=1,5,1711,794,124,147,59,114,s1
frame=1,6,1312,0,109,160,55,115,s1
frame=1,7,869,794,119,148,64,115,s1
frame=2,0,1279,483,166,155,89,128,s1
frame=2,1,373,943,119,176,64,145,s0
frame=2,2,781,203,107,190,51,151,s0
frame=2,3,123,1121,124,173,59,145,s0
frame=2,4,0,483,166,157,76,128,s1
frame=2,5,1450,944,119,145,54,112,s1
frame=2,6,550,323,107,158,55,113,s1
frame=2,7,727,944,124,146,64,113,s1
frame=3,0,167,483,166,157,89,130,s1
frame=3,1,1022,580,115,180,64,148,s0
frame=3,2,0,203,109,192,53,153,s0
frame=3,3,1244,943,128,174,63,148,s0
frame=3,4,1047,162,166,159,76,130,s1
frame=3,5,1836,794,115,147,50,114,s1
frame=3,6,1422,0,109,160,55,115,s1
frame=3,7,989,794,128,148,64,115,s1
frame=4,0,1214,162,166,159,89,131,s1
frame=4,1,1138,580,115,180,64,148,s0
frame=4,2,1236,0,111,193,55,154,s0
frame=4,3,1373,943,127,174,62,148,s0
frame=4,4,1381,162,166,159,76,131,s1
frame=4,5,1118,794,115,148,50,115,s1
frame=4,6,1714,1806,111,161,55,116,s0
frame=4,7,116,794,127,149,64,116,s1
frame=5,0,1548,162,166,159,89,130,s1
frame=5,1,736,763,119,178,64,148,s0
frame=5,2,110,203,109,192,55,153,s0
frame=5,3,493,943,124,176,59,148,s0
frame=5,4,334,483,166,157,76,130,s1
frame=5,5,0,944,119,147,54,114,s1
frame=5,6,1532,0,109,160,53,115,s1
frame=5,7,1234,794,124,148,64,115,s1
frame=6,0,501,483,166,157,89,128,s1
frame=6,1,248,1121,124,173,64,145,s0
frame=6,2,889,203,107,190,55,151,s0
frame=6,3,618,943,119,176,54,145,s0
frame=6,4,1446,483,166,155,76,128,s1
frame=6,5,1570,944,124,145,59,112,s1
frame=6,6,658,323,107,158,51,113,s1
frame=6,7,852,944,119,146,64,113,s1
frame=7,0,1715,162,166,159,89,130,s1
frame=7,1,1501,943,128,174,64,148,s0
frame=7,2,220,203,109,192,55,153,s0
frame=7,3,1254,580,115,180,50,148,s0
frame=7,4,668,483,166,157,76,130,s1
frame=7,5,120,944,128,147,63,114,s1
frame=7,6,1642,0,109,160,53,115,s1
frame=7,7,1359,794,115,148,64,115,s1

[swing]
frames=4
duration=500ms
type=play_once
active_frame=2
frame=0,0,933,1121,155,171,77,141,s0
frame=0,1,1215,763,119,177,55,151,s0
frame=0,2,664,203,116,191,59,152,s0
frame=0,3,1822,203,111,184,51,151,s0
frame=0,4,1050,1296,155,170,77,141,s0
frame=0,5,1752,0,119,160,63,130,s1
frame=0,6,1882,162,116,159,56,120,s1
frame=0,7,835,483,111,156,59,127,s1
frame=1,0,1089,1121,150,171,73,142,s0
frame=1,1,1191,396,108,182,53,151,s0
frame=1,2,1219,203,112,189,56,150,s0
frame=1,3,112,396,121,183,59,155,s0
frame=1,4,234,396,150,183,76,154,s0
frame=1,5,856,763,108,178,54,147,s0
frame=1,6,727,1468,112,169,55,132,s0
frame=1,7,766,323,121,158,61,131,s1
frame=2,0,244,794,164,149,91,123,s1
frame=2,1,840,1468,115,169,66,138,s0
frame=2,2,1300,396,109,182,51,145,s0
frame=2,3,0,1806,126,163,60,138,s0
frame=2,4,0,641,164,152,72,123,s1
frame=2,5,972,944,115,146,48,112,s1
frame=2,6,127,1806,108,163,57,117,s0
frame=2,7,122,1092,126,142,65,108,s1
frame=3,0,1613,483,166,155,89,129,s1
frame=3,1,1630,943,124,174,64,146,s0
frame=3,2,997,203,109,190,51,151,s0
frame=3,3,1335,763,119,177,54,146,s0
frame=3,4,888,323,166,158,76,129,s1
frame=3,5,1088,944,124,146,59,113,s1
frame=3,6,0,323,109,159,57,114,s1
frame=3,7,1213,944,119,146,64,113,s1

[cast]
frames=4
duration=800ms
type=play_once
active_frame=2
frame=0,0,1240,1121,158,171,80,141,s0
frame=0,1,738,943,127,176,63,149,s0
frame=0,2,1332,203,119,189,59,149,s0
frame=0,3,1410,396,115,182,51,149,s0
frame=0,4,1399,1121,158,171,77,141,s0
frame=0,5,1826,1806,127,161,63,129,s0
frame=0,6,0,0,119,161,59,120,s1
frame=0,7,120,0,115,161,63,129,s1
frame=1,0,1558,1121,146,171,69,141,s0
frame=1,1,1526,396,119,182,64,151,s0
frame=1,2,228,0,117,199,58,160,s0
frame=1,3,1803,580,124,179,59,151,s0
frame=1,4,1705,1121,146,171,76,141,s0
frame=1,5,1206,1296,119,170,54,137,s0
frame=1,6,956,1468,117,167,58,132,s0
frame=1,7,1326,1296,124,170,64,137,s0
frame=2,0,350,580,138,181,62,152,s0
frame=2,1,330,203,111,192,61,160,s0
frame=2,2,0,0,113,202,56,164,s0
frame=2,3,1572,203,124,186,62,160,s0
frame=2,4,489,580,138,181,75,152,s0
frame=2,5,1451,1296,111,170,49,139,s0
frame=2,6,1074,1468,113,167,56,135,s0
frame=2,7,1563,1296,124,170,61,139,s0
frame=3,0,1852,1121,145,171,68,141,s0
frame=3,1,0,763,124,179,64,151,s0
frame=3,2,346,0,117,199,58,160,s0
frame=3,3,1646,396,119,182,54,151,s0
frame=3,4,0,1296,145,171,76,141,s0
frame=3,5,1688,1296,124,170,59,137,s0
frame=3,6,1188,1468,117,167,58,132,s0
frame=3,7,1813,1296,119,170,64,137,s0

[shoot]
frames=4
duration=800ms
type=play_once
active_frame=2
frame=0,0,146,1296,158,171,80,141,s0
frame=0,1,866,943,127,176,63,149,s0
frame=0,2,1452,203,119,189,59,149,s0
frame=0,3,1766,396,115,182,51,149,s0
frame=0,4,305,1296,158,171,77,141,s0
frame=0,5,236,0,127,161,63,129,s1
frame=0,6,364,0,119,161,59,120,s1
frame=0,7,484,0,115,161,63,129,s1
frame=1,0,464,1296,146,171,69,141,s0
frame=1,1,1882,396,119,182,64,151,s0
frame=1,2,464,0,117,199,58,160,s0
frame=1,3,125,763,124,179,59,151,s0
frame=1,4,611,1296,146,171,76,141,s0
frame=1,5,0,1468,119,170,54,137,s0
frame=1,6,1306,1468,117,167,58,132,s0
frame=1,7,120,1468,124,170,64,137,s0
frame=2,0,628,580,138,181,62,152,s0
frame=2,1,442,203,111,192,61,160,s0
frame=2,2,114,0,113,202,56,164,s0
frame=2,3,1697,203,124,186,62,160,s0
frame=2,4,767,580,138,181,75,152,s0
frame=2,5,245,1468,111,170,49,139,s0
frame=2,6,1424,1468,113,167,56,135,s0
frame=2,7,357,1468,124,170,61,139,s0
frame=3,0,758,1296,145,171,68,141,s0
frame=3,1,250,763,124,179,64,151,s0
frame=3,2,582,0,117,199,58,160,s0
frame=3,3,0,580,119,182,54,151,s0
frame=3,4,904,1296,145,171,76,141,s0
frame=3,5,482,1468,124,170,59,137,s0
frame=3,6,1538,1468,117,167,58,132,s0
frame=3,7,607,1468,119,170,64,137,s0

[block]
frames=2
duration=200ms
type=play_once
frame=0,0,1656,1468,161,166,82,136,s0
frame=0,1,1455,763,140,177,75,150,s0
frame=0,2,1348,0,117,193,58,153,s0
frame=0,3,385,396,126,183,51,150,s0
frame=0,4,1818,1468,161,166,78,136,s0
frame=0,5,1055,323,139,158,64,120,s1
frame=0,6,1872,0,117,160,58,118,s1
frame=0,7,1195,323,127,158,75,120,s1
frame=1,0,0,1639,161,166,82,136,s0
frame=1,1,512,396,127,183,75,150,s0
frame=1,2,1466,0,117,193,58,153,s0
frame=1,3,1596,763,139,177,64,150,s0
frame=1,4,162,1639,161,166,78,136,s0
frame=1,5,1323,323,126,158,51,120,s1
frame=1,6,0,162,117,160,58,118,s1
frame=1,7,1450,323,140,158,75,120,s1

[hit]
frames=2
duration=133ms
type=back_forth
frame=0,0,373,1121,139,172,65,145,s0
frame=0,1,1755,943,111,174,50,149,s0
frame=0,2,640,396,105,183,52,146,s0
frame=0,3,1370,580,98,180,48,149,s0
frame=0,4,513,1121,139,172,73,145,s0
frame=0,5,815,1639,110,164,60,138,s0
frame=0,6,484,1639,105,165,52,132,s0
frame=0,7,926,1639,99,164,50,138,s0
frame=1,0,653,1121,139,172,65,145,s0
frame=1,1,1469,580,99,180,50,149,s0
frame=1,2,746,396,105,183,52,146,s0
frame=1,3,1867,943,110,174,60,149,s0
frame=1,4,793,1121,139,172,73,145,s0
frame=1,5,1026,1639,98,164,48,138,s0
frame=1,6,590,1639,105,165,52,132,s0
frame=1,7,1125,1639,111,164,50,138,s0

[die]
frames=6
duration=800ms
type=play_once
frame=0,0,236,1806,161,163,82,136,s0
frame=0,1,1736,763,124,177,59,150,s0
frame=0,2,1584,0,105,193,52,153,s0
frame=0,3,852,396,111,183,51,150,s0
frame=0,4,398,1806,161,163,78,136,s0
frame=0,5,990,641,124,151,64,120,s1
frame=0,6,118,162,105,160,52,118,s1
frame=0,7,1115,641,111,151,59,120,s1
frame=1,0,947,483,165,156,101,128,s1
frame=1,1,0,1121,122,174,73,150,s0
frame=1,2,1107,203,111,190,55,157,s0
frame=1,3,994,943,121,175,47,150,s0
frame=1,4,1113,483,165,156,63,128,s1
frame=1,5,1811,944,122,144,48,107,s1
frame=1,6,1591,323,111,158,55,106,s1
frame=1,7,0,1092,121,144,73,107,s1
frame=2,0,162,1237,155,130,130,101,s1
frame=2,1,505,1092,116,140,101,126,s1
frame=2,2,1780,483,113,154,56,141,s1
frame=2,3,1127,1092,127,134,25,126,s1
frame=2,4,318,1237,155,130,24,101,s1
frame=2,5,1333,944,116,146,14,95,s1
frame=2,6,600,0,113,161,56,95,s1
frame=2,7,249,1092,127,141,101,90,s1
frame=3,0,122,1493,152,110,156,80,s1
frame=3,1,1749,1493,132,103,121,97,s1
frame=3,2,1732,1370,117,111,58,112,s1
frame=3,3,1462,1493,131,104,10,98,s1
frame=3,4,703,1370,151,118,-5,88,s1
frame=3,5,876,1092,131,138,10,77,s1
frame=3,6,1475,794,117,148,58,70,s1
frame=3,7,1620,1092,132,132,121,71,s1
frame=4,0,1594,1493,154,104,155,74,s1
frame=4,1,0,1709,137,99,124,92,s1
frame=4,2,705,1605,117,100,58,100,s1
frame=4,3,823,1605,137,100,12,93,s1
frame=4,4,1308,1493,153,105,-2,75,s1
frame=4,5,276,1370,137,120,12,57,s1
frame=4,6,474,1237,117,127,58,49,s1
frame=4,7,565,1370,137,119,124,56,s1
frame=5,0,584,1493,153,108,154,78,s1
frame=5,1,138,1605,137,102,124,95,s1
frame=5,2,961,1605,119,100,59,100,s1
frame=5,3,276,1709,137,97,12,90,s1
frame=5,4,413,1605,153,101,-2,71,s1
frame=5,5,1230,1370,137,117,12,54,s1
frame=5,6,592,1237,119,127,59,49,s1
frame=5,7,1894,1237,137,122,124,59,s1

[critdie]
frames=8
duration=1066ms
type=play_once
frame=0,0,560,1806,161,163,82,136,s0
frame=0,1,1861,763,124,177,59,150,s0
frame=0,2,1690,0,105,193,52,153,s0
frame=0,3,964,396,111,183,51,150,s0
frame=0,4,722,1806,161,163,78,136,s0
frame=0,5,1227,641,124,151,64,120,s1
frame=0,6,224,162,105,160,52,118,s1
frame=0,7,1352,641,111,151,59,120,s1
frame=1,0,110,323,164,159,93,131,s1
frame=1,1,0,943,123,177,67,151,s0
frame=1,2,554,203,109,192,54,156,s0
frame=1,3,375,763,118,179,50,151,s0
frame=1,4,275,323,164,159,70,131,s1
frame=1,5,249,944,123,147,55,113,s1
frame=1,6,440,323,109,159,54,112,s1
frame=1,7,373,944,118,147,67,113,s1
frame=2,0,409,794,165,149,115,120,s1
frame=2,1,696,1639,118,165,82,144,s0
frame=2,2,1569,580,113,180,56,154,s0
frame=2,3,1372,1806,123,162,40,144,s0
frame=2,4,575,794,165,149,49,120,s1
frame=2,5,1008,1092,118,138,35,96,s1
frame=2,6,1703,323,113,158,56,100,s1
frame=2,7,752,1092,123,139,82,97,s1
frame=3,0,1445,1237,155,124,136,95,s1
frame=3,1,1504,1092,115,133,105,121,s1
frame=3,2,1695,944,115,145,57,135,s1
frame=3,3,712,1237,127,127,21,121,s1
frame=3,4,1601,1237,155,124,18,95,s1
frame=3,5,492,944,115,147,9,94,s1
frame=3,6,714,0,115,161,57,92,s1
frame=3,7,377,1092,127,141,105,88,s1
frame=4,0,1850,1370,150,111,154,81,s1
frame=4,1,738,1493,130,107,119,101,s1
frame=4,2,1616,1370,115,114,57,116,s1
frame=4,3,869,1493,129,107,10,101,s1
frame=4,4,414,1370,150,120,-5,90,s1
frame=4,5,622,1092,129,140,10,80,s1
frame=4,6,165,641,115,152,57,74,s1
frame=4,7,1255,1092,130,134,119,74,s1
frame=5,0,999,1493,154,106,156,76,s1
frame=5,1,1081,1605,136,100,124,93,s1
frame=5,2,1218,1605,117,100,58,101,s1
frame=5,3,276,1605,136,102,11,95,s1
frame=5,4,275,1493,154,109,-3,79,s1
frame=5,5,1192,1237,136,126,11,63,s1
frame=5,6,1386,1092,117,134,58,55,s1
frame=5,7,1757,1237,136,124,124,61,s1
frame=6,0,1154,1493,153,106,154,76,s1
frame=6,1,567,1605,137,101,124,94,s1
frame=6,2,1336,1605,119,100,59,100,s1
frame=6,3,138,1709,137,98,12,91,s1
frame=6,4,1882,1493,153,103,-2,73,s1
frame=6,5,855,1370,137,118,12,55,s1
frame=6,6,840,1237,119,127,59,49,s1
frame=6,7,138,1370,137,121,124,58,s1
frame=7,0,430,1493,153,109,154,79,s1
frame=7,1,0,1605,137,103,124,96,s1
frame=7,2,1456,1605,119,100,59,100,s1
frame=7,3,414,1709,137,97,12,90,s1
frame=7,4,1576,1605,153,100,-2,70,s1
frame=7,5,1368,1370,137,116,12,53,s1
frame=7,6,960,1237,119,127,59,49,s1
frame=7,7,0,1370,137,122,124,59,s1

[spawn]
frames=6
duration=800ms
type=play_once
frame=0,0,0,1809,78,49,38,41,s1
frame=0,1,149,1809,72,48,30,36,s1
frame=0,2,1781,1709,80,56,35,47,s1
frame=0,3,440,1809,66,39,35,33,s1
frame=0,4,1653,1709,58,57,36,46,s1
frame=0,5,1930,1709,70,52,46,43,s1
frame=0,6,1862,1709,67,53,20,34,s1
frame=0,7,306,1809,70,44,26,36,s1
frame=1,0,79,1809,69,49,37,40,s1
frame=1,1,1712,1709,68,57,42,41,s1
frame=1,2,222,1809,83,47,37,36,s1
frame=1,3,664,1809,65,34,38,37,s1
frame=1,4,377,1809,62,43,30,43,s1
frame=1,5,574,1809,89,38,44,29,s1
frame=1,6,730,1809,65,31,39,25,s1
frame=1,7,507,1809,66,39,24,30,s1
frame=2,0,1445,1709,94,64,72,38,s1
frame=2,1,1177,1709,82,65,54,52,s1
frame=2,2,1260,1709,103,65,51,54,s1
frame=2,3,1364,1709,80,65,25,52,s1
frame=2,4,1540,1709,112,63,39,37,s1
frame=2,5,900,1709,90,70,35,42,s1
frame=2,6,1073,1709,103,67,51,30,s1
frame=2,7,991,1709,81,70,54,42,s1
frame=3,0,1730,1605,156,100,82,70,s1
frame=3,1,1506,1370,109,116,59,85,s1
frame=3,2,1329,1237,115,125,57,87,s1
frame=3,3,0,1493,121,111,61,85,s1
frame=3,4,1887,1605,156,100,73,70,s1
frame=3,5,668,1709,109,85,49,54,s1
frame=3,6,552,1709,115,94,57,52,s1
frame=3,7,778,1709,121,85,59,54,s1
frame=4,0,1753,1092,161,132,82,103,s1
frame=4,1,1593,794,117,148,59,118,s1
frame=4,2,330,162,111,160,55,120,s1
frame=4,3,608,944,118,147,58,118,s1
frame=4,4,0,1237,161,132,78,103,s1
frame=4,5,993,1370,117,118,57,87,s1
frame=4,6,1080,1237,111,127,55,85,s1
frame=4,7,1111,1370,118,118,59,87,s1
frame=5,0,884,1806,161,163,82,136,s0
frame=5,1,124,943,123,177,59,150,s0
frame=5,2,1796,0,103,193,51,153,s0
frame=5,3,120,580,112,182,52,150,s0
frame=5,4,1046,1806,161,163,78,136,s0
frame=5,5,1464,641,123,151,63,120,s1
frame=5,6,442,162,103,160,51,118,s1
frame=5,7,1588,641,112,151,59,120,s1
