# GENERATED by tools/gen_serpents.py -- edit SPECIES there, not this file.
image=images/enemies/rd_minhocao_0.png,s0
image=images/enemies/rd_minhocao_1.png,s1
image=images/enemies/rd_minhocao_2.png,s2
image=images/enemies/rd_minhocao_3.png,s3
image=images/enemies/rd_minhocao_4.png,s4
image=images/enemies/rd_minhocao_5.png,s5

[stance]
frames=4
duration=533ms
type=back_forth
frame=0,0,1395,661,216,216,122,170,s3
frame=0,1,181,749,194,241,100,191,s2
frame=0,2,376,503,187,244,92,200,s2
frame=0,3,968,503,199,243,98,191,s2
frame=0,4,393,0,206,220,83,170,s3
frame=0,5,182,1096,191,214,90,162,s3
frame=0,6,221,879,177,215,84,152,s3
frame=0,7,374,1096,199,214,100,162,s3
frame=1,0,1203,992,218,237,122,188,s2
frame=1,1,397,1349,196,258,88,208,s1
frame=1,2,1275,819,192,262,101,210,s1
frame=1,3,1026,749,221,239,103,192,s2
frame=1,4,600,0,229,220,106,174,s3
frame=1,5,771,1698,183,224,97,164,s2
frame=1,6,1819,1468,186,226,90,163,s2
frame=1,7,830,0,204,220,117,175,s3
frame=2,0,486,222,228,218,122,170,s3
frame=2,1,376,749,202,241,100,191,s2
frame=2,2,890,0,184,251,95,200,s2
frame=2,3,369,992,200,238,99,191,s2
frame=2,4,1354,442,230,217,107,170,s3
frame=2,5,574,1096,195,214,94,162,s3
frame=2,6,399,879,175,215,87,152,s3
frame=2,7,770,1096,199,214,100,162,s3
frame=3,0,388,1252,222,203,122,157,s4
frame=3,1,955,1698,222,224,117,174,s2
frame=3,2,0,254,179,248,99,192,s2
frame=3,3,1248,749,190,239,101,190,s2
frame=3,4,1647,1698,219,221,96,170,s2
frame=3,5,0,839,222,206,104,160,s4
frame=3,6,1327,211,189,208,97,145,s4
frame=3,7,1517,211,192,208,89,148,s4

[run]
frames=8
duration=533ms
type=looped
frame=0,0,223,839,537,206,140,154,s4
frame=0,1,1259,1051,407,315,112,168,s0
frame=0,2,400,0,194,379,97,181,s0
frame=0,3,1236,726,407,320,294,168,s0
frame=0,4,0,1046,528,205,387,155,s4
frame=0,5,715,222,416,218,303,160,s3
frame=0,6,384,275,192,271,97,199,s1
frame=0,7,1132,222,423,218,112,160,s3
frame=1,0,0,442,529,218,140,167,s3
frame=1,1,0,391,410,334,105,182,s0
frame=1,2,0,0,199,390,97,192,s0
frame=1,3,1241,391,409,326,288,176,s0
frame=1,4,1006,0,533,209,392,161,s4
frame=1,5,530,442,409,218,303,156,s3
frame=1,6,1485,275,196,270,98,198,s1
frame=1,7,0,421,431,208,120,154,s4
frame=2,0,0,211,520,209,140,159,s4
frame=2,1,836,391,404,329,102,173,s0
frame=2,2,793,0,197,376,99,181,s0
frame=2,3,0,1051,434,320,310,165,s0
frame=2,4,805,1252,537,202,396,151,s4
frame=2,5,970,1096,414,214,311,151,s3
frame=2,6,577,275,185,271,93,199,s1
frame=2,7,1202,1741,429,210,123,157,s3
frame=3,0,994,1457,525,200,140,149,s4
frame=3,1,424,1372,412,310,105,161,s0
frame=3,2,1188,0,196,368,98,170,s0
frame=3,3,837,1372,416,309,295,157,s0
frame=3,4,0,0,523,195,382,143,s5
frame=3,5,940,442,413,218,307,156,s3
frame=3,6,1682,275,190,270,93,198,s1
frame=3,7,521,211,421,209,120,155,s4
frame=4,0,529,1046,525,205,140,154,s4
frame=4,1,837,1051,421,318,112,168,s0
frame=4,2,991,0,196,374,100,181,s0
frame=4,3,0,726,410,324,297,168,s0
frame=4,4,761,839,543,206,402,155,s4
frame=4,5,1306,1527,418,211,305,153,s3
frame=4,6,382,548,194,269,99,197,s1
frame=4,7,195,1527,422,212,112,154,s3
frame=5,0,0,1741,533,211,140,160,s3
frame=5,1,411,391,424,330,120,176,s0
frame=5,2,200,0,199,390,99,192,s0
frame=5,3,1575,0,414,337,308,182,s0
frame=5,4,0,661,535,217,394,167,s3
frame=5,5,432,421,430,208,309,154,s4
frame=5,6,1694,548,197,267,98,195,s1
frame=5,7,536,661,414,217,105,155,s3
frame=6,0,1343,1252,533,202,140,150,s4
frame=6,1,411,726,427,321,123,165,s0
frame=6,2,595,0,197,379,98,181,s0
frame=6,3,839,726,396,321,293,173,s0
frame=6,4,373,630,515,207,374,160,s4
frame=6,5,1305,839,434,206,310,153,s4
frame=6,6,0,275,194,272,97,200,s1
frame=6,7,575,879,412,215,102,152,s3
frame=7,0,711,0,535,193,140,142,s5
frame=7,1,0,1372,423,311,120,157,s0
frame=7,2,1385,0,189,365,95,170,s0
frame=7,3,435,1051,401,319,295,161,s0
frame=7,4,277,1660,530,197,389,149,s4
frame=7,5,0,0,421,210,300,156,s4
frame=7,6,0,548,192,270,97,198,s1
frame=7,7,1624,0,410,219,105,157,s3

[swing]
frames=4
duration=750ms
type=play_once
active_frame=2
frame=0,0,1866,0,182,249,82,209,s2
frame=0,1,372,1609,170,255,75,207,s1
frame=0,2,933,1087,182,259,91,206,s1
frame=0,3,1318,1349,182,257,101,207,s1
frame=0,4,1286,1609,176,254,84,209,s1
frame=0,5,543,1609,168,255,88,212,s1
frame=0,6,594,1349,174,258,87,213,s1
frame=0,7,1501,1349,181,257,89,212,s1
frame=1,0,0,819,191,267,87,222,s1
frame=1,1,349,1087,173,260,78,212,s1
frame=1,2,1843,819,182,261,95,207,s1
frame=1,3,0,1087,175,261,99,212,s1
frame=1,4,577,548,197,269,104,222,s1
frame=1,5,1117,1684,185,276,100,233,s0
frame=1,6,361,1684,190,278,98,237,s0
frame=1,7,177,1684,183,279,88,233,s0
frame=2,0,1296,1100,316,147,213,103,s5
frame=2,1,1385,1312,271,213,176,164,s3
frame=2,2,1636,1232,194,230,99,183,s2
frame=2,3,534,1741,269,211,101,164,s3
frame=2,4,1613,1100,353,147,108,103,s5
frame=2,5,543,932,273,158,102,77,s5
frame=2,6,1241,575,193,175,95,71,s5
frame=2,7,1159,932,276,156,178,75,s5
frame=3,0,1520,1457,249,200,140,151,s4
frame=3,1,1385,1096,212,214,112,167,s3
frame=3,2,580,1232,176,234,93,181,s2
frame=3,3,0,0,209,221,96,167,s3
frame=3,4,808,1660,243,197,102,152,s4
frame=3,5,1247,0,212,192,99,134,s5
frame=3,6,1460,0,200,192,99,120,s5
frame=3,7,1661,0,207,192,112,134,s5

[cast]
frames=4
duration=800ms
type=play_once
active_frame=2
frame=0,0,1691,992,196,235,87,190,s2
frame=0,1,1654,1609,189,253,89,201,s1
frame=0,2,712,1609,187,255,95,205,s1
frame=0,3,823,254,186,247,97,201,s2
frame=0,4,1439,749,186,239,101,190,s2
frame=0,5,1035,0,192,220,104,183,s3
frame=0,6,451,1468,184,227,90,182,s2
frame=0,7,636,1468,192,227,86,183,s2
frame=1,0,1468,819,187,262,88,216,s1
frame=1,1,192,819,180,267,91,221,s1
frame=1,2,1496,1684,194,275,99,223,s0
frame=1,3,763,275,176,271,89,221,s1
frame=1,4,1116,1087,191,259,101,216,s1
frame=1,5,1870,1349,173,256,82,212,s1
frame=1,6,769,1349,184,258,92,213,s1
frame=1,7,1075,0,190,251,88,212,s2
frame=2,0,1814,1372,172,280,77,230,s0
frame=2,1,1254,1372,183,283,93,231,s0
frame=2,2,0,1684,176,280,84,232,s0
frame=2,3,0,0,188,274,99,231,s1
frame=2,4,753,0,183,273,104,230,s1
frame=2,5,1691,1684,185,275,100,229,s0
frame=2,6,775,548,184,268,91,230,s1
frame=2,7,193,548,188,270,84,228,s1
frame=3,0,1102,819,172,263,83,218,s1
frame=3,1,195,275,188,272,86,221,s1
frame=3,2,940,275,181,271,95,223,s1
frame=3,3,937,0,186,273,103,221,s1
frame=3,4,1656,819,186,262,97,218,s1
frame=3,5,176,1087,172,261,91,214,s1
frame=3,6,900,1609,195,255,99,214,s1
frame=3,7,1308,1087,172,259,88,213,s1

[shoot]
frames=4
duration=800ms
type=play_once
active_frame=2
frame=0,0,570,992,180,238,77,190,s2
frame=0,1,0,503,187,245,87,201,s2
frame=0,2,1463,1609,190,254,93,205,s1
frame=0,3,1266,0,175,251,100,201,s2
frame=0,4,751,992,185,238,94,190,s2
frame=0,5,829,1468,179,227,100,183,s2
frame=0,6,1009,1468,179,227,84,182,s2
frame=0,7,0,1468,175,229,72,183,s2
frame=1,0,547,819,174,266,77,216,s1
frame=1,1,960,548,182,268,81,221,s1
frame=1,2,189,0,194,274,98,223,s1
frame=1,3,1124,0,183,273,99,221,s1
frame=1,4,1143,548,175,268,88,216,s1
frame=1,5,954,1349,181,258,101,212,s1
frame=1,6,1136,1349,181,258,96,213,s1
frame=1,7,1683,1349,186,257,94,212,s1
frame=2,0,552,1684,186,278,87,230,s0
frame=2,1,1438,1372,189,281,88,231,s0
frame=2,2,1628,1372,185,281,96,232,s0
frame=2,3,739,1684,191,277,104,231,s0
frame=2,4,1308,0,188,273,103,230,s1
frame=2,5,384,0,186,274,98,229,s1
frame=2,6,571,0,181,274,89,230,s1
frame=2,7,1319,548,187,268,90,228,s1
frame=3,0,373,819,173,267,72,218,s1
frame=3,1,1497,0,192,273,87,221,s1
frame=3,2,1690,0,195,273,95,223,s1
frame=3,3,1122,275,188,271,92,221,s1
frame=3,4,1507,548,186,268,105,218,s1
frame=3,5,1481,1087,160,259,93,214,s1
frame=3,6,1844,1609,177,253,91,214,s1
frame=3,7,1096,1609,189,255,87,213,s1

[block]
frames=2
duration=200ms
type=play_once
frame=0,0,1228,0,213,220,122,170,s3
frame=0,1,564,503,204,244,100,191,s2
frame=0,2,0,1609,173,256,82,200,s1
frame=0,3,1413,503,201,242,100,191,s2
frame=0,4,951,661,223,217,100,170,s3
frame=0,5,1598,1096,196,214,95,162,s3
frame=0,6,988,879,164,215,71,152,s3
frame=0,7,1795,1096,205,214,100,162,s3
frame=1,0,1175,661,219,217,122,170,s3
frame=1,1,579,749,190,240,100,191,s2
frame=1,2,1193,254,188,246,95,200,s2
frame=1,3,1626,749,202,239,101,191,s2
frame=1,4,0,222,227,219,104,170,s3
frame=1,5,0,1312,196,214,95,162,s3
frame=1,6,1153,879,196,215,101,152,s3
frame=1,7,197,1312,198,214,100,162,s3

[hit]
frames=2
duration=133ms
type=back_forth
frame=0,0,396,1312,183,214,85,166,s3
frame=0,1,576,1698,194,225,92,171,s2
frame=0,2,1189,1468,182,227,88,173,s2
frame=0,3,210,0,182,221,101,171,s3
frame=0,4,889,630,184,207,99,166,s4
frame=0,5,1074,630,189,207,96,162,s4
frame=0,6,629,1457,190,201,94,160,s4
frame=0,7,0,1457,176,202,85,162,s4
frame=1,0,1350,879,178,215,79,166,s3
frame=1,1,1442,0,181,220,87,171,s3
frame=1,2,1372,1468,163,227,76,173,s2
frame=1,3,1460,1698,186,223,98,171,s2
frame=1,4,580,1312,193,214,105,166,s3
frame=1,5,1264,630,184,207,92,162,s4
frame=1,6,943,211,192,209,97,160,s4
frame=1,7,863,421,175,208,75,162,s4

[die]
frames=6
duration=1100ms
type=play_once
frame=0,0,0,1698,192,226,89,179,s2
frame=0,1,1829,749,188,239,92,193,s2
frame=0,2,1679,0,186,250,92,200,s2
frame=0,3,188,503,187,245,103,193,s2
frame=0,4,1831,1232,178,230,88,179,s2
frame=0,5,422,0,176,210,91,166,s4
frame=0,6,1449,630,186,207,89,161,s4
frame=0,7,1039,421,184,208,94,166,s4
frame=1,0,1657,1312,220,213,119,163,s3
frame=1,1,0,1232,201,235,98,184,s2
frame=1,2,180,254,190,248,91,194,s2
frame=1,3,757,1232,190,233,91,184,s2
frame=1,4,804,1741,212,211,92,164,s3
frame=1,5,1224,421,205,208,106,157,s4
frame=1,6,1430,421,189,208,92,147,s4
frame=1,7,1636,630,202,207,98,156,s4
frame=2,0,1612,661,241,216,149,169,s3
frame=2,1,523,1087,226,260,124,210,s1
frame=2,2,1303,1684,192,276,93,223,s0
frame=2,3,192,0,224,252,99,211,s2
frame=2,4,228,222,257,219,107,169,s3
frame=2,5,1055,1046,216,205,91,142,s4
frame=2,6,1136,211,190,209,98,133,s4
frame=2,7,1272,1046,216,205,124,142,s4
frame=3,0,0,1660,276,199,178,149,s4
frame=3,1,1442,0,236,251,142,200,s2
frame=3,2,1311,275,173,271,96,216,s1
frame=3,3,1168,503,244,243,101,200,s2
frame=3,4,1329,196,285,189,106,148,s5
frame=3,5,658,196,239,190,96,118,s5
frame=3,6,1770,1457,176,200,84,109,s4
frame=3,7,898,196,238,190,142,118,s5
frame=4,0,1435,575,306,175,208,128,s5
frame=4,1,770,749,255,240,160,189,s2
frame=4,2,750,1087,182,260,94,208,s1
frame=4,3,1615,503,260,242,99,189,s2
frame=4,4,409,575,311,178,102,128,s5
frame=4,5,721,575,257,178,96,96,s5
frame=4,6,0,196,188,192,93,86,s5
frame=4,7,979,575,261,178,160,96,s5
frame=5,0,0,1100,321,154,237,107,s5
frame=5,1,1178,1698,281,224,181,178,s2
frame=5,2,0,0,191,253,92,201,s2
frame=5,3,1160,1232,278,232,96,178,s2
frame=5,4,1436,932,331,156,93,107,s5
frame=5,5,1306,756,285,167,103,75,s5
frame=5,6,175,389,186,184,86,64,s5
frame=5,7,1592,756,277,167,181,75,s5

[critdie]
frames=8
duration=1300ms
type=play_once
frame=0,0,193,1698,190,226,89,179,s2
frame=0,1,0,992,177,239,89,193,s2
frame=0,2,1010,254,182,247,96,200,s2
frame=0,3,1382,254,181,246,97,193,s2
frame=0,4,384,1698,191,226,101,179,s2
frame=0,5,1017,1741,184,211,100,166,s3
frame=0,6,1839,630,192,207,94,161,s4
frame=0,7,1620,421,182,208,85,166,s4
frame=1,0,599,0,219,210,110,167,s4
frame=1,1,178,992,190,239,92,187,s2
frame=1,2,1564,254,169,246,86,195,s2
frame=1,3,202,1232,181,235,88,187,s2
frame=1,4,618,1527,210,212,99,167,s3
frame=1,5,1803,421,196,208,102,160,s4
frame=1,6,819,0,186,210,86,153,s4
frame=1,7,0,630,189,208,92,160,s4
frame=2,0,774,1312,224,214,132,163,s3
frame=2,1,948,1232,211,233,107,180,s2
frame=2,2,0,749,180,242,87,191,s2
frame=2,3,1439,1232,196,232,88,180,s2
frame=2,4,829,1527,231,212,98,164,s3
frame=2,5,1670,1046,214,204,106,149,s4
frame=2,6,1489,1046,180,205,88,137,s4
frame=2,7,0,1252,191,204,107,149,s4
frame=3,0,1061,1527,244,212,153,166,s3
frame=3,1,1642,1087,216,259,126,209,s1
frame=3,2,931,1684,185,277,93,222,s0
frame=3,3,0,1349,219,259,91,209,s1
frame=3,4,1529,879,253,215,99,166,s3
frame=3,5,177,1457,229,202,102,138,s4
frame=3,6,190,630,182,208,88,130,s4
frame=3,7,407,1457,221,202,127,138,s4
frame=4,0,1052,1660,278,197,174,151,s4
frame=4,1,417,0,236,252,139,201,s2
frame=4,2,722,819,180,266,84,217,s1
frame=4,3,654,0,235,252,95,202,s2
frame=4,4,1331,1660,273,196,98,151,s4
frame=4,5,189,196,240,192,100,121,s5
frame=4,6,820,1457,173,201,92,112,s4
frame=4,7,430,196,227,191,139,121,s5
frame=5,0,1615,196,290,187,195,137,s5
frame=5,1,371,254,256,248,152,194,s2
frame=5,2,903,819,198,265,100,212,s1
frame=5,3,1734,254,240,246,87,194,s2
frame=5,4,362,389,297,184,101,136,s5
frame=5,5,848,389,244,182,91,105,s5
frame=5,6,524,0,186,195,100,96,s5
frame=5,7,1093,389,241,182,152,105,s5
frame=6,0,791,756,320,171,216,121,s5
frame=6,1,937,992,265,238,166,186,s2
frame=6,2,220,1349,176,259,87,206,s1
frame=6,3,1422,992,268,237,101,186,s2
frame=6,4,467,756,323,172,106,122,s5
frame=6,5,1742,575,258,175,91,90,s5
frame=6,6,1137,196,191,190,92,80,s5
frame=6,7,0,756,267,175,166,90,s5
frame=7,0,817,932,341,157,237,107,s5
frame=7,1,1536,1468,282,227,181,178,s2
frame=7,2,628,254,194,248,96,201,s2
frame=7,3,176,1468,274,228,92,178,s2
frame=7,4,322,1100,341,153,103,107,s5
frame=7,5,0,932,263,167,81,75,s5
frame=7,6,660,389,187,184,93,64,s5
frame=7,7,264,932,278,167,181,75,s5

[spawn]
frames=6
duration=1000ms
type=play_once
frame=0,0,419,1403,185,133,84,80,s5
frame=0,1,220,1542,191,117,89,64,s5
frame=0,2,1215,1403,183,124,94,73,s5
frame=0,3,793,1542,180,112,93,61,s5
frame=0,4,1399,1403,194,122,100,76,s5
frame=0,5,1802,1403,194,120,104,78,s5
frame=0,6,788,1255,184,141,96,96,s5
frame=0,7,226,1403,192,137,93,94,s5
frame=1,0,1380,1255,231,140,122,90,s5
frame=1,1,1020,1403,194,127,100,76,s5
frame=1,2,610,1542,182,114,98,65,s5
frame=1,3,973,1255,201,141,100,90,s5
frame=1,4,605,1403,227,133,104,85,s5
frame=1,5,1594,1403,207,121,106,69,s5
frame=1,6,833,1403,186,130,93,67,s5
frame=1,7,412,1542,197,117,100,65,s5
frame=2,0,0,1542,219,120,122,68,s5
frame=2,1,587,1255,200,144,100,89,s5
frame=2,2,664,1100,187,153,89,99,s5
frame=2,3,1796,1255,193,138,92,89,s5
frame=2,4,0,1403,225,138,102,90,s5
frame=2,5,1175,1255,204,141,103,89,s5
frame=2,6,1612,1255,183,139,94,76,s5
frame=2,7,974,1542,205,112,100,60,s5
frame=3,0,852,1100,216,153,122,102,s5
frame=3,1,1112,756,193,170,100,123,s5
frame=3,2,0,389,174,185,91,133,s5
frame=3,3,268,756,198,175,97,123,s5
frame=3,4,1069,1100,226,149,103,103,s5
frame=3,5,197,1255,190,146,89,94,s5
frame=3,6,0,1255,196,147,95,84,s5
frame=3,7,388,1255,198,146,100,94,s5
frame=4,0,1335,389,228,181,122,136,s5
frame=4,1,611,1252,193,203,100,157,s4
frame=4,2,0,1527,194,213,101,167,s3
frame=4,3,192,1252,195,204,94,157,s4
frame=4,4,1564,389,221,181,98,137,s5
frame=4,5,0,575,201,180,100,128,s5
frame=4,6,1786,389,175,181,89,118,s5
frame=4,7,202,575,206,180,100,128,s5
frame=5,0,0,879,220,216,122,170,s3
frame=5,1,769,503,198,244,100,191,s2
frame=5,2,174,1609,197,256,101,200,s1
frame=5,3,384,1232,195,235,94,191,s2
frame=5,4,1783,879,230,215,107,170,s3
frame=5,5,999,1312,196,214,95,162,s3
frame=5,6,0,1096,181,215,88,152,s3
frame=5,7,1196,1312,188,214,100,162,s3
