# GENERATED by tools/gen_serpents.py -- edit SPECIES there, not this file.
image=images/enemies/rd_mapinguari_0.png,s0
image=images/enemies/rd_mapinguari_1.png,s1
image=images/enemies/rd_mapinguari_2.png,s2

[stance]
frames=4
duration=533ms
type=back_forth
frame=0,0,0,609,103,193,62,159,s0
frame=0,1,1118,803,111,191,60,165,s0
frame=0,2,1315,0,133,182,66,161,s1
frame=0,3,1230,803,111,191,50,165,s0
frame=0,4,104,609,103,193,40,159,s0
frame=0,5,484,369,111,177,50,146,s1
frame=0,6,418,1068,133,166,66,134,s1
frame=0,7,596,369,111,177,60,146,s1
frame=1,0,1342,803,103,191,64,158,s0
frame=1,1,1906,997,108,190,58,165,s0
frame=1,2,966,186,133,181,64,161,s1
frame=1,3,0,1189,113,190,50,165,s0
frame=1,4,208,609,104,193,39,158,s0
frame=1,5,1061,369,109,176,50,144,s1
frame=1,6,1688,897,133,167,68,134,s1
frame=1,7,140,549,112,174,62,144,s1
frame=2,0,313,609,103,193,62,159,s0
frame=2,1,1446,803,111,191,60,165,s0
frame=2,2,1449,0,133,182,66,161,s1
frame=2,3,1558,803,111,191,50,165,s0
frame=2,4,417,609,103,193,40,159,s0
frame=2,5,708,369,111,177,50,146,s1
frame=2,6,552,1068,133,166,66,134,s1
frame=2,7,820,369,111,177,60,146,s1
frame=3,0,668,412,102,195,59,160,s0
frame=3,1,114,1189,114,190,62,164,s0
frame=3,2,796,0,133,183,68,161,s1
frame=3,3,229,1189,111,190,51,164,s0
frame=3,4,521,609,102,193,42,160,s0
frame=3,5,115,369,114,178,51,148,s1
frame=3,6,1822,897,133,167,64,136,s1
frame=3,7,1521,186,111,180,59,148,s1

[run]
frames=8
duration=533ms
type=looped
frame=0,0,1670,803,114,191,77,155,s0
frame=0,1,771,412,113,194,64,169,s0
frame=0,2,1057,1760,139,186,69,167,s0
frame=0,3,885,412,113,194,48,169,s0
frame=0,4,1785,803,114,191,36,155,s0
frame=0,5,1150,725,113,170,48,137,s1
frame=0,6,1883,369,139,175,69,136,s1
frame=0,7,1264,725,113,170,64,137,s1
frame=1,0,520,1380,123,189,77,154,s0
frame=1,1,624,609,124,193,70,167,s0
frame=1,2,341,1189,138,190,67,166,s0
frame=1,3,999,412,116,194,51,167,s0
frame=1,4,480,1189,123,190,45,154,s0
frame=1,5,906,897,124,168,53,135,s1
frame=1,6,253,549,138,174,70,135,s1
frame=1,7,1693,549,116,171,64,135,s1
frame=2,0,1337,1760,131,185,77,151,s0
frame=2,1,1116,412,129,194,74,165,s0
frame=2,2,604,1189,137,190,66,163,s0
frame=2,3,749,609,121,193,56,165,s0
frame=2,4,1265,1571,131,187,53,151,s0
frame=2,5,686,1068,129,166,54,133,s1
frame=2,6,1810,549,137,171,70,132,s1
frame=2,7,0,725,121,171,64,133,s1
frame=3,0,644,1380,123,189,77,154,s0
frame=3,1,871,609,124,193,70,167,s0
frame=3,2,742,1189,138,190,67,166,s0
frame=3,3,1246,412,116,194,51,167,s0
frame=3,4,881,1189,123,190,45,154,s0
frame=3,5,1031,897,124,168,53,135,s1
frame=3,6,392,549,138,174,70,135,s1
frame=3,7,122,725,116,171,64,135,s1
frame=4,0,1900,803,114,191,77,155,s0
frame=4,1,1363,412,113,194,64,169,s0
frame=4,2,1197,1760,139,186,69,167,s0
frame=4,3,1477,412,113,194,48,169,s0
frame=4,4,0,997,114,191,36,155,s0
frame=4,5,1378,725,113,170,48,137,s1
frame=4,6,0,549,139,175,69,136,s1
frame=4,7,1492,725,113,170,64,137,s1
frame=5,0,1005,1189,123,190,77,154,s0
frame=5,1,1591,412,116,194,64,167,s0
frame=5,2,1129,1189,138,190,70,166,s0
frame=5,3,996,609,124,193,53,167,s0
frame=5,4,768,1380,123,189,45,154,s0
frame=5,5,239,725,116,171,51,135,s1
frame=5,6,531,549,138,174,67,135,s1
frame=5,7,1156,897,124,168,70,135,s1
frame=6,0,1397,1571,131,187,77,151,s0
frame=6,1,1121,609,121,193,64,165,s0
frame=6,2,1268,1189,137,190,70,163,s0
frame=6,3,1708,412,129,194,54,165,s0
frame=6,4,1469,1760,131,185,53,151,s0
frame=6,5,356,725,121,171,56,133,s1
frame=6,6,478,725,137,171,66,132,s1
frame=6,7,816,1068,129,166,74,133,s1
frame=7,0,1406,1189,123,190,77,154,s0
frame=7,1,1838,412,116,194,64,167,s0
frame=7,2,1530,1189,138,190,70,166,s0
frame=7,3,1243,609,124,193,53,167,s0
frame=7,4,892,1380,123,189,45,154,s0
frame=7,5,616,725,116,171,51,135,s1
frame=7,6,670,549,138,174,67,135,s1
frame=7,7,1281,897,124,168,70,135,s1

[swing]
frames=4
duration=650ms
type=play_once
active_frame=2
frame=0,0,1870,0,100,199,51,161,s0
frame=0,1,500,212,105,197,51,162,s0
frame=0,2,369,0,145,184,74,159,s1
frame=0,3,1016,1380,139,189,69,162,s0
frame=0,4,606,212,101,197,49,161,s0
frame=0,5,1669,1189,105,190,53,154,s0
frame=0,6,1606,725,145,170,70,143,s1
frame=0,7,1100,186,140,181,70,154,s1
frame=1,0,0,212,103,199,50,162,s0
frame=1,1,1136,212,103,196,48,160,s0
frame=1,2,515,0,143,184,72,157,s1
frame=1,3,115,997,143,191,71,163,s0
frame=1,4,402,0,102,208,52,172,s0
frame=1,5,989,0,104,205,55,169,s0
frame=1,6,1775,186,143,179,70,154,s1
frame=1,7,930,0,144,183,72,157,s1
frame=2,0,932,369,128,177,85,145,s1
frame=2,1,1529,1571,135,187,83,162,s0
frame=2,2,659,0,136,184,63,162,s1
frame=2,3,1156,1380,121,189,49,162,s0
frame=2,4,1583,0,128,182,42,145,s1
frame=2,5,1720,1068,135,162,51,126,s1
frame=2,6,733,725,136,171,72,128,s1
frame=2,7,1752,725,121,170,71,127,s1
frame=3,0,1601,1760,118,185,75,153,s0
frame=3,1,1775,1189,121,190,68,165,s0
frame=3,2,1720,1760,135,185,63,163,s0
frame=3,3,520,803,113,192,49,165,s0
frame=3,4,1897,1189,118,190,42,153,s0
frame=3,5,0,1068,121,167,52,134,s1
frame=3,6,870,725,135,171,71,133,s1
frame=3,7,372,897,113,169,63,134,s1

[cast]
frames=4
duration=800ms
type=play_once
active_frame=2
frame=0,0,104,212,98,198,52,160,s0
frame=0,1,1278,1380,128,189,69,159,s0
frame=0,2,1712,0,149,182,74,159,s1
frame=0,3,1407,1380,127,189,58,159,s0
frame=0,4,203,212,98,198,45,160,s0
frame=0,5,1792,1380,127,188,58,153,s0
frame=0,6,1874,725,149,170,74,143,s1
frame=0,7,1920,1380,128,188,69,153,s0
frame=1,0,1094,0,96,201,43,163,s0
frame=1,1,1240,212,125,196,63,164,s0
frame=1,2,1665,1571,147,187,73,160,s0
frame=1,3,1366,212,125,196,61,164,s0
frame=1,4,1191,0,96,201,52,163,s0
frame=1,5,0,1571,125,188,61,156,s0
frame=1,6,1101,549,147,173,73,150,s1
frame=1,7,126,1571,125,188,63,156,s0
frame=2,0,0,0,100,211,43,174,s0
frame=2,1,505,0,120,207,57,175,s0
frame=2,2,0,1380,145,190,72,161,s0
frame=2,3,626,0,120,207,62,175,s0
frame=2,4,101,0,99,211,56,174,s0
frame=2,5,634,803,120,192,62,162,s0
frame=2,6,809,549,145,174,72,152,s1
frame=2,7,755,803,120,192,57,162,s0
frame=3,0,1288,0,96,201,43,163,s0
frame=3,1,1492,212,125,196,63,164,s0
frame=3,2,1813,1571,147,187,73,160,s0
frame=3,3,1618,212,125,196,61,164,s0
frame=3,4,1385,0,96,201,52,163,s0
frame=3,5,252,1571,125,188,61,156,s0
frame=3,6,1249,549,147,173,73,150,s1
frame=3,7,378,1571,125,188,63,156,s0

[shoot]
frames=4
duration=800ms
type=play_once
active_frame=2
frame=0,0,302,212,98,198,52,160,s0
frame=0,1,1535,1380,128,189,69,159,s0
frame=0,2,1862,0,149,182,74,159,s1
frame=0,3,1664,1380,127,189,58,159,s0
frame=0,4,401,212,98,198,45,160,s0
frame=0,5,504,1571,127,188,58,153,s0
frame=0,6,0,897,149,170,74,143,s1
frame=0,7,632,1571,128,188,69,153,s0
frame=1,0,1482,0,96,201,43,163,s0
frame=1,1,1744,212,125,196,63,164,s0
frame=1,2,0,1760,147,187,73,160,s0
frame=1,3,1870,212,125,196,61,164,s0
frame=1,4,1579,0,96,201,52,163,s0
frame=1,5,761,1571,125,188,61,156,s0
frame=1,6,1397,549,147,173,73,150,s1
frame=1,7,887,1571,125,188,63,156,s0
frame=2,0,201,0,100,211,43,174,s0
frame=2,1,747,0,120,207,57,175,s0
frame=2,2,146,1380,145,190,72,161,s0
frame=2,3,868,0,120,207,62,175,s0
frame=2,4,302,0,99,211,56,174,s0
frame=2,5,876,803,120,192,62,162,s0
frame=2,6,955,549,145,174,72,152,s1
frame=2,7,997,803,120,192,57,162,s0
frame=3,0,1676,0,96,201,43,163,s0
frame=3,1,0,412,125,196,63,164,s0
frame=3,2,148,1760,147,187,73,160,s0
frame=3,3,126,412,125,196,61,164,s0
frame=3,4,1773,0,96,201,52,163,s0
frame=3,5,1013,1571,125,188,61,156,s0
frame=3,6,1545,549,147,173,73,150,s1
frame=3,7,1139,1571,125,188,63,156,s0

[block]
frames=2
duration=200ms
type=play_once
frame=0,0,708,212,106,197,65,159,s0
frame=0,1,259,997,133,191,82,165,s0
frame=0,2,0,186,147,182,73,161,s1
frame=0,3,393,997,132,191,50,165,s0
frame=0,4,815,212,106,197,40,159,s0
frame=0,5,296,1760,132,187,50,146,s0
frame=0,6,122,1068,147,167,73,134,s1
frame=0,7,429,1760,133,187,82,146,s0
frame=1,0,922,212,106,197,65,159,s0
frame=1,1,526,997,133,191,82,165,s0
frame=1,2,148,186,147,182,73,161,s1
frame=1,3,660,997,132,191,50,165,s0
frame=1,4,1029,212,106,197,40,159,s0
frame=1,5,563,1760,132,187,50,146,s0
frame=1,6,270,1068,147,167,73,134,s1
frame=1,7,696,1760,133,187,82,146,s0

[hit]
frames=2
duration=133ms
type=back_forth
frame=0,0,252,412,103,196,43,162,s0
frame=0,1,1856,1760,122,185,62,155,s0
frame=0,2,296,186,133,182,66,152,s1
frame=0,3,0,0,122,185,59,155,s1
frame=0,4,356,412,103,196,59,162,s0
frame=0,5,1368,609,122,193,59,161,s0
frame=0,6,1171,369,133,176,66,154,s1
frame=0,7,1491,609,122,193,62,161,s0
frame=1,0,460,412,103,196,43,162,s0
frame=1,1,123,0,122,185,62,155,s1
frame=1,2,430,186,133,182,66,152,s1
frame=1,3,246,0,122,185,59,155,s1
frame=1,4,564,412,103,196,59,162,s0
frame=1,5,1614,609,122,193,59,161,s0
frame=1,6,1305,369,133,176,66,154,s1
frame=1,7,1737,609,122,193,62,161,s0

[die]
frames=6
duration=800ms
type=play_once
frame=0,0,1860,609,103,193,62,159,s0
frame=0,1,793,997,110,191,59,165,s0
frame=0,2,564,186,133,182,66,161,s1
frame=0,3,904,997,110,191,50,165,s0
frame=0,4,0,803,103,193,40,159,s0
frame=0,5,1439,369,110,176,50,146,s1
frame=0,6,946,1068,133,166,66,134,s1
frame=0,7,1550,369,110,176,59,146,s1
frame=1,0,830,1760,112,187,89,151,s0
frame=1,1,292,1380,113,190,73,169,s0
frame=1,2,1241,186,139,181,69,169,s1
frame=1,3,406,1380,113,190,39,169,s0
frame=1,4,943,1760,113,187,23,151,s0
frame=1,5,1080,1068,113,166,39,128,s1
frame=1,6,486,897,139,169,69,124,s1
frame=1,7,1194,1068,113,166,73,128,s1
frame=2,0,143,1236,151,161,137,124,s1
frame=2,1,626,897,139,169,110,154,s1
frame=2,2,1006,725,143,171,71,163,s1
frame=2,3,766,897,139,169,28,154,s1
frame=2,4,295,1236,151,161,13,124,s1
frame=2,5,1875,1236,139,148,28,92,s1
frame=2,6,895,1236,143,155,71,85,s1
frame=2,7,1735,1236,139,149,110,93,s1
frame=3,0,1640,1546,177,115,168,78,s1
frame=3,1,1419,1399,160,127,135,114,s1
frame=3,2,811,1399,147,134,73,129,s1
frame=3,3,1580,1399,160,127,24,114,s1
frame=3,4,159,1669,177,114,8,77,s1
frame=3,5,503,1669,160,112,24,44,s1
frame=3,6,1042,1546,147,116,73,31,s1
frame=3,7,664,1669,160,112,135,44,s1
frame=4,0,356,0,178,95,171,57,s2
frame=4,1,1136,1669,165,107,142,95,s1
frame=4,2,892,1546,149,117,74,113,s1
frame=4,3,1546,1669,165,106,22,94,s1
frame=4,4,535,0,178,95,6,57,s2
frame=4,5,1743,1785,165,101,22,29,s1
frame=4,6,1143,1785,149,103,74,15,s1
frame=4,7,0,1892,165,101,142,29,s1
frame=5,0,1520,1892,177,96,171,58,s1
frame=5,1,1712,1669,165,106,142,94,s1
frame=5,2,1190,1546,149,116,74,112,s1
frame=5,3,1878,1669,165,106,22,94,s1
frame=5,4,1698,1892,177,96,5,58,s1
frame=5,5,524,1892,165,100,22,28,s1
frame=5,6,1293,1785,149,103,74,15,s1
frame=5,7,690,1892,165,100,142,28,s1

[critdie]
frames=8
duration=1066ms
type=play_once
frame=0,0,104,803,103,193,62,159,s0
frame=0,1,1015,997,110,191,59,165,s0
frame=0,2,698,186,133,182,66,161,s1
frame=0,3,1126,997,110,191,50,165,s0
frame=0,4,208,803,103,193,40,159,s0
frame=0,5,1661,369,110,176,50,146,s1
frame=0,6,1308,1068,133,166,66,134,s1
frame=0,7,1772,369,110,176,59,146,s1
frame=1,0,1237,997,107,191,76,156,s0
frame=1,1,1345,997,110,191,65,168,s0
frame=1,2,1381,186,139,181,69,165,s1
frame=1,3,1456,997,110,191,44,168,s0
frame=1,4,1567,997,108,191,31,156,s0
frame=1,5,150,897,110,170,44,136,s1
frame=1,6,1406,897,139,168,69,129,s1
frame=1,7,261,897,110,170,65,136,s1
frame=2,0,230,369,126,178,109,142,s1
frame=2,1,1075,0,119,183,88,167,s1
frame=2,2,1633,186,141,180,70,171,s1
frame=2,3,1195,0,119,183,30,167,s1
frame=2,4,357,369,126,178,16,142,s1
frame=2,5,447,1236,119,159,30,114,s1
frame=2,6,1546,897,141,168,70,112,s1
frame=2,7,567,1236,119,159,88,114,s1
frame=3,0,1039,1236,157,155,144,118,s1
frame=3,1,1856,1068,143,162,115,148,s1
frame=3,2,1442,1068,143,166,71,159,s1
frame=3,3,0,1236,142,162,27,148,s1
frame=3,4,1197,1236,157,155,12,118,s1
frame=3,5,142,1399,142,144,27,86,s1
frame=3,6,1591,1236,143,150,71,77,s1
frame=3,7,285,1399,143,144,115,86,s1
frame=4,0,148,1546,176,121,166,84,s1
frame=4,1,959,1399,158,132,133,119,s1
frame=4,2,665,1399,145,137,72,132,s1
frame=4,3,1118,1399,158,132,24,119,s1
frame=4,4,325,1546,176,121,9,84,s1
frame=4,5,1818,1546,158,115,24,48,s1
frame=4,6,502,1546,145,120,72,36,s1
frame=4,7,0,1669,158,115,133,48,s1
frame=5,0,166,1892,178,101,171,63,s1
frame=5,1,337,1669,165,113,141,101,s1
frame=5,2,0,1546,147,122,73,118,s1
frame=5,3,825,1669,164,112,23,100,s1
frame=5,4,345,1892,178,101,6,63,s1
frame=5,5,664,1785,164,104,23,33,s1
frame=5,6,829,1785,147,104,73,16,s1
frame=5,7,977,1785,165,104,141,33,s1
frame=6,0,714,0,177,95,171,57,s2
frame=6,1,0,1785,165,106,142,94,s1
frame=6,2,1340,1546,149,116,74,112,s1
frame=6,3,166,1785,165,106,22,94,s1
frame=6,4,892,0,177,95,5,57,s2
frame=6,5,856,1892,165,100,22,28,s1
frame=6,6,1443,1785,149,103,74,15,s1
frame=6,7,1022,1892,165,100,142,28,s1
frame=7,0,0,0,177,96,171,58,s2
frame=7,1,332,1785,165,106,142,94,s1
frame=7,2,1490,1546,149,116,74,112,s1
frame=7,3,498,1785,165,106,22,94,s1
frame=7,4,178,0,177,96,5,58,s2
frame=7,5,1188,1892,165,100,22,28,s1
frame=7,6,1593,1785,149,103,74,15,s1
frame=7,7,1354,1892,165,100,142,28,s1

[spawn]
frames=6
duration=800ms
type=play_once
frame=0,0,1130,97,69,45,40,40,s2
frame=0,1,961,97,83,48,39,39,s2
frame=0,2,100,97,82,64,39,44,s2
frame=0,3,492,97,71,59,31,43,s2
frame=0,4,805,97,97,50,47,40,s2
frame=0,5,327,97,86,61,44,47,s2
frame=0,6,1200,97,103,44,50,39,s2
frame=0,7,725,97,79,51,50,38,s2
frame=1,0,903,97,57,50,28,36,s2
frame=1,1,564,97,79,59,38,47,s2
frame=1,2,644,97,80,53,48,40,s2
frame=1,3,1045,97,84,48,45,46,s2
frame=1,4,1304,97,60,41,20,22,s2
frame=1,5,414,97,77,60,38,40,s2
frame=1,6,183,97,57,63,27,42,s2
frame=1,7,241,97,85,63,38,43,s2
frame=2,0,1216,0,103,82,62,50,s2
frame=2,1,1424,0,104,78,56,56,s2
frame=2,2,1761,0,125,73,62,52,s2
frame=2,3,1529,0,105,78,48,56,s2
frame=2,4,1320,0,103,82,40,50,s2
frame=2,5,1887,0,99,72,42,43,s2
frame=2,6,1635,0,125,74,62,42,s2
frame=2,7,0,97,99,69,56,40,s2
frame=3,0,1741,1399,103,123,62,86,s1
frame=3,1,648,1546,121,120,66,92,s1
frame=3,2,990,1669,145,109,72,88,s1
frame=3,3,770,1546,121,120,54,92,s1
frame=3,4,1845,1399,104,123,41,86,s1
frame=3,5,1302,1669,121,107,54,73,s1
frame=3,6,1070,0,145,93,72,61,s2
frame=3,7,1424,1669,121,107,66,73,s1
frame=4,0,687,1236,103,159,62,123,s1
frame=4,1,1355,1236,117,154,65,128,s1
frame=4,2,0,1399,141,146,70,125,s1
frame=4,3,1473,1236,117,154,51,128,s1
frame=4,4,791,1236,103,159,40,123,s1
frame=4,5,429,1399,117,143,51,110,s1
frame=4,6,1277,1399,141,129,70,97,s1
frame=4,7,547,1399,117,143,65,110,s1
frame=5,0,312,803,103,193,62,159,s0
frame=5,1,1676,997,114,191,63,165,s0
frame=5,2,832,186,133,182,66,161,s1
frame=5,3,1791,997,114,191,50,165,s0
frame=5,4,416,803,103,193,40,159,s0
frame=5,5,1919,186,114,179,50,146,s1
frame=5,6,1586,1068,133,166,66,134,s1
frame=5,7,0,369,114,179,63,146,s1
