# GENERATED by tools/gen_serpents.py -- edit SPECIES there, not this file.
image=images/enemies/rd_mula_0.png,s0
image=images/enemies/rd_mula_1.png,s1
image=images/enemies/rd_mula_2.png,s2
image=images/enemies/rd_mula_3.png,s3
image=images/enemies/rd_mula_4.png,s4
image=images/enemies/rd_mula_5.png,s5

[stance]
frames=4
duration=533ms
type=back_forth
frame=0,0,1279,1442,243,258,149,244,s2
frame=0,1,0,302,200,294,126,263,s2
frame=0,2,817,0,132,326,66,279,s1
frame=0,3,201,302,182,294,60,257,s2
frame=0,4,1732,1009,242,243,93,229,s3
frame=0,5,1717,1499,198,239,73,196,s3
frame=0,6,427,1499,132,240,66,184,s3
frame=0,7,560,1499,184,240,123,196,s3
frame=1,0,1415,511,244,247,150,233,s3
frame=1,1,1635,1605,186,302,123,265,s1
frame=1,2,713,1525,133,330,67,283,s0
frame=1,3,1822,1605,196,301,71,269,s1
frame=1,4,0,511,245,249,93,235,s3
frame=1,5,745,1499,188,240,62,197,s3
frame=1,6,445,1442,132,261,66,205,s2
frame=1,7,1127,238,195,234,123,191,s4
frame=2,0,1166,761,246,245,152,231,s3
frame=2,1,812,330,184,323,123,286,s1
frame=2,2,689,1166,132,339,66,292,s0
frame=2,3,213,597,202,290,73,259,s2
frame=2,4,1785,1741,245,237,93,223,s3
frame=2,5,1852,0,183,235,60,189,s4
frame=2,6,501,1009,132,244,66,186,s3
frame=2,7,0,0,203,237,129,196,s4
frame=3,0,266,1255,244,242,150,228,s3
frame=3,1,395,0,195,300,123,268,s2
frame=3,2,541,0,132,327,66,280,s1
frame=3,3,958,1295,188,306,62,269,s1
frame=3,4,1366,1706,242,256,93,242,s2
frame=3,5,511,1255,194,242,71,197,s3
frame=3,6,1694,238,132,233,66,175,s4
frame=3,7,1413,761,188,245,125,200,s3

[run]
frames=8
duration=450ms
type=looped
frame=0,0,1609,1706,237,256,143,242,s2
frame=0,1,1189,302,196,293,122,262,s2
frame=0,2,997,330,132,323,66,276,s1
frame=0,3,1147,1295,178,304,60,267,s1
frame=0,4,847,1741,236,238,93,224,s3
frame=0,5,0,1741,195,239,73,200,s3
frame=0,6,706,1255,132,242,66,190,s3
frame=0,7,1523,1442,179,258,118,217,s2
frame=1,0,1703,1442,236,258,142,244,s2
frame=1,1,340,656,190,320,121,286,s1
frame=1,2,822,1166,132,339,66,292,s0
frame=1,3,1380,0,186,325,66,290,s1
frame=1,4,1085,511,237,248,93,234,s3
frame=1,5,246,511,189,249,68,209,s3
frame=1,6,1847,1706,132,256,66,204,s2
frame=1,7,839,1255,184,242,118,202,s3
frame=2,0,1244,257,236,250,142,236,s3
frame=2,1,1602,302,182,292,119,255,s2
frame=2,2,341,330,133,324,67,277,s1
frame=2,3,1326,1295,191,304,71,272,s1
frame=2,4,749,1706,237,257,93,243,s2
frame=2,5,0,1499,181,241,62,202,s3
frame=2,6,1024,1255,132,242,66,190,s3
frame=2,7,514,257,190,252,118,212,s3
frame=3,0,1021,0,236,236,142,222,s4
frame=3,1,952,1605,178,303,118,265,s1
frame=3,2,1805,330,132,322,66,275,s1
frame=3,3,1460,597,194,284,75,254,s2
frame=3,4,695,761,236,246,93,232,s3
frame=3,5,437,474,178,232,59,192,s4
frame=3,6,934,1499,132,240,66,189,s3
frame=3,7,1660,511,195,247,119,208,s3
frame=4,0,1380,0,237,254,143,240,s3
frame=4,1,1131,1605,180,303,119,266,s1
frame=4,2,955,1166,132,339,66,292,s0
frame=4,3,0,0,196,301,73,270,s2
frame=4,4,1067,1499,236,240,93,226,s3
frame=4,5,1157,1255,179,242,60,200,s3
frame=4,6,0,238,132,235,66,183,s4
frame=4,7,0,761,197,247,123,208,s3
frame=5,0,208,0,237,255,143,241,s3
frame=5,1,1154,978,185,312,119,277,s1
frame=5,2,950,0,132,326,66,279,s1
frame=5,3,1100,0,191,298,68,264,s2
frame=5,4,198,761,236,247,93,233,s3
frame=5,5,694,1442,184,260,65,218,s2
frame=5,6,987,1706,132,257,66,205,s2
frame=5,7,1602,761,192,245,123,206,s3
frame=6,0,1337,1255,237,242,143,228,s3
frame=6,1,416,597,190,290,118,258,s2
frame=6,2,580,1525,132,332,66,285,s0
frame=6,3,1518,1295,184,304,62,267,s1
frame=6,4,0,1171,235,270,93,256,s2
frame=6,5,634,1009,189,244,71,202,s3
frame=6,6,1084,1741,132,238,66,185,s3
frame=6,7,824,1009,185,244,122,203,s3
frame=7,0,1010,1009,238,244,144,230,s3
frame=7,1,197,0,197,301,121,271,s2
frame=7,2,1221,656,132,317,66,270,s1
frame=7,3,0,1295,180,309,59,271,s1
frame=7,4,1217,1741,235,238,93,224,s3
frame=7,5,1258,0,194,236,75,195,s4
frame=7,6,0,1255,132,243,66,190,s3
frame=7,7,200,708,181,230,121,189,s4

[swing]
frames=4
duration=650ms
type=play_once
active_frame=2
frame=0,0,0,978,159,316,86,300,s1
frame=0,1,1130,330,142,323,81,293,s1
frame=0,2,1083,0,137,326,68,289,s1
frame=0,3,0,1525,140,335,59,305,s0
frame=0,4,181,1295,158,309,72,293,s1
frame=0,5,674,0,142,327,61,298,s1
frame=0,6,1616,1525,138,329,70,295,s0
frame=0,7,475,330,140,324,81,298,s1
frame=1,0,141,1525,164,333,67,316,s0
frame=1,1,841,656,153,318,68,288,s1
frame=1,2,1567,0,141,325,71,288,s1
frame=1,3,1221,0,158,326,90,296,s1
frame=1,4,1088,1166,163,339,96,322,s0
frame=1,5,235,1166,153,354,85,328,s0
frame=1,6,1678,789,141,362,70,331,s0
frame=1,7,389,1166,158,354,68,331,s0
frame=2,0,178,1442,266,262,169,239,s2
frame=2,1,616,330,195,324,131,285,s1
frame=2,2,1252,1166,137,339,68,290,s0
frame=2,3,1340,978,217,310,76,278,s1
frame=2,4,446,0,265,255,97,226,s3
frame=2,5,1304,1499,194,240,63,188,s3
frame=2,6,932,761,136,246,68,180,s3
frame=2,7,1499,1499,217,240,140,190,s3
frame=3,0,480,1171,219,269,133,255,s2
frame=3,1,1312,1605,178,303,111,274,s1
frame=3,2,1709,0,132,325,66,282,s1
frame=3,3,1273,330,172,323,57,289,s1
frame=3,4,700,1171,218,269,85,255,s2
frame=3,5,827,889,177,279,66,240,s2
frame=3,6,1329,1171,132,265,66,217,s2
frame=3,7,712,0,173,255,115,217,s3

[cast]
frames=4
duration=700ms
type=play_once
active_frame=2
frame=0,0,1734,1171,271,263,183,247,s2
frame=0,1,1446,330,216,323,146,294,s1
frame=0,2,582,789,140,370,69,326,s0
frame=0,3,847,1525,206,330,56,295,s0
frame=0,4,0,1706,269,258,87,242,s2
frame=0,5,844,257,214,251,69,192,s3
frame=0,6,1481,257,138,250,69,175,s3
frame=0,7,1618,0,207,253,150,199,s3
frame=1,0,736,978,273,313,193,296,s1
frame=1,1,1470,400,215,378,158,346,s0
frame=1,2,0,0,142,399,71,359,s0
frame=1,3,688,400,212,384,61,355,s0
frame=1,4,306,1525,273,333,79,316,s0
frame=1,5,743,1295,214,308,56,253,s1
frame=1,6,1703,1295,141,304,70,227,s1
frame=1,7,0,1605,211,304,149,244,s1
frame=2,0,0,789,290,376,215,359,s0
frame=2,1,1270,0,212,390,155,359,s0
frame=2,2,572,0,142,397,71,359,s0
frame=2,3,1696,0,235,388,60,359,s0
frame=2,4,1389,789,288,365,74,348,s0
frame=2,5,1820,789,213,362,56,293,s0
frame=2,6,1247,789,141,368,71,278,s0
frame=2,7,1012,789,234,369,173,309,s0
frame=3,0,1390,1166,280,339,200,322,s0
frame=3,1,236,400,225,386,163,357,s0
frame=3,2,143,0,142,399,71,359,s0
frame=3,3,858,0,205,391,56,359,s0
frame=3,4,1054,1525,280,330,79,313,s0
frame=3,5,995,656,225,318,61,258,s1
frame=3,6,1663,330,141,323,70,238,s1
frame=3,7,386,978,207,314,150,248,s1

[shoot]
frames=4
duration=700ms
type=play_once
active_frame=2
frame=0,0,1462,1171,271,264,183,248,s2
frame=0,1,1755,1525,216,329,146,300,s0
frame=0,2,548,1166,140,354,69,310,s0
frame=0,3,0,656,206,321,56,286,s1
frame=0,4,0,257,269,253,87,237,s3
frame=0,5,1064,1442,214,259,69,200,s2
frame=0,6,705,257,138,252,69,177,s3
frame=0,7,0,0,207,256,150,202,s3
frame=1,0,1558,978,273,310,193,293,s1
frame=1,1,1686,400,215,378,158,346,s0
frame=1,2,286,0,142,399,71,359,s0
frame=1,3,901,400,212,384,61,355,s0
frame=1,4,133,0,273,328,79,311,s1
frame=1,5,340,1295,214,309,56,254,s1
frame=1,6,212,1605,141,304,70,227,s1
frame=1,7,354,1605,211,304,149,244,s1
frame=2,0,291,789,290,376,215,359,s0
frame=2,1,1483,0,212,390,155,359,s0
frame=2,2,715,0,142,397,71,359,s0
frame=2,3,0,400,235,388,60,359,s0
frame=2,4,723,789,288,370,74,353,s0
frame=2,5,1114,400,213,383,56,314,s0
frame=2,6,1328,400,141,381,71,291,s0
frame=2,7,0,1166,234,358,173,298,s0
frame=3,0,1354,656,280,317,200,300,s1
frame=3,1,462,400,225,386,163,357,s0
frame=3,2,429,0,142,399,71,359,s0
frame=3,3,1064,0,205,391,56,359,s0
frame=3,4,1335,1525,280,330,79,313,s0
frame=3,5,160,978,225,316,61,256,s1
frame=3,6,594,978,141,314,70,229,s1
frame=3,7,0,330,207,325,150,259,s1

[block]
frames=2
duration=200ms
type=play_once
frame=0,0,270,257,243,253,149,239,s3
frame=0,1,384,302,200,294,126,263,s2
frame=0,2,1671,1166,132,339,66,292,s0
frame=0,3,591,0,182,300,60,263,s2
frame=0,4,436,511,242,249,93,235,s3
frame=0,5,196,1741,198,239,73,196,s3
frame=0,6,1453,1741,132,238,66,182,s3
frame=0,7,1059,257,184,251,123,207,s3
frame=1,0,1795,761,246,245,152,231,s3
frame=1,1,566,1605,184,304,123,267,s1
frame=1,2,208,330,132,325,66,278,s1
frame=1,3,607,597,202,290,73,259,s2
frame=1,4,204,0,245,237,93,223,s4
frame=1,5,1827,238,183,233,60,187,s4
frame=1,6,133,1255,132,243,66,185,s3
frame=1,7,395,1741,203,239,129,198,s3

[hit]
frames=2
duration=133ms
type=back_forth
frame=0,0,616,474,260,232,161,218,s4
frame=0,1,0,597,212,291,134,258,s2
frame=0,2,1635,656,133,317,66,267,s1
frame=0,3,1292,0,195,298,64,259,s2
frame=0,4,1160,940,259,223,98,209,s4
frame=0,5,1102,1168,209,220,77,172,s4
frame=0,6,1746,940,132,222,66,159,s4
frame=0,7,1441,708,196,227,131,179,s4
frame=1,0,1413,474,264,231,165,217,s4
frame=1,1,1832,978,195,310,130,271,s1
frame=1,2,407,0,133,328,66,278,s1
frame=1,3,1386,302,215,293,77,260,s2
frame=1,4,133,238,262,235,98,221,s4
frame=1,5,545,1168,193,221,64,170,s4
frame=1,6,382,708,132,230,66,166,s4
frame=1,7,877,474,216,232,138,187,s4

[die]
frames=6
duration=800ms
type=play_once
frame=0,0,236,1171,243,270,149,256,s2
frame=0,1,585,302,200,294,126,263,s2
frame=0,2,207,656,132,321,66,274,s1
frame=0,3,774,0,182,300,60,263,s2
frame=0,4,1575,1255,242,242,93,228,s3
frame=0,5,1453,0,198,236,73,193,s4
frame=0,6,396,238,132,235,66,179,s4
frame=0,7,879,1442,184,260,123,216,s2
frame=1,0,328,1391,235,216,141,202,s4
frame=1,1,919,1171,184,269,117,234,s2
frame=1,2,1785,302,122,292,61,245,s2
frame=1,3,1005,889,185,277,68,243,s2
frame=1,4,1735,1391,234,212,93,198,s4
frame=1,5,739,1168,183,221,66,180,s4
frame=1,6,372,940,120,225,60,171,s4
frame=1,7,0,1391,184,218,115,178,s4
frame=2,0,0,1610,227,203,133,189,s4
frame=2,1,435,761,171,247,111,209,s3
frame=2,2,1212,1171,116,267,58,220,s2
frame=2,3,450,0,186,237,74,206,s4
frame=2,4,974,1610,227,196,93,178,s4
frame=2,5,1421,1610,170,190,59,151,s4
frame=2,6,686,1610,115,200,57,151,s4
frame=2,7,1592,1610,186,189,111,152,s4
frame=3,0,187,1814,219,183,125,169,s4
frame=3,1,493,940,172,225,103,182,s4
frame=3,2,270,1706,106,258,53,205,s2
frame=3,3,923,1168,178,221,73,184,s4
frame=3,4,1430,1814,217,178,93,156,s4
frame=3,5,931,1814,171,179,68,142,s4
frame=3,6,1103,1814,105,179,52,134,s4
frame=3,7,0,0,179,175,105,140,s5
frame=4,0,1199,0,205,166,111,150,s5
frame=4,1,666,940,178,225,98,177,s4
frame=4,2,679,511,89,249,36,187,s3
frame=4,3,1420,940,154,223,66,174,s4
frame=4,4,484,0,204,171,93,144,s5
frame=4,5,689,0,170,171,79,129,s5
frame=4,6,91,176,93,161,52,119,s5
frame=4,7,935,176,158,156,91,124,s5
frame=5,0,1094,176,198,154,104,134,s5
frame=5,1,1078,1391,172,213,81,160,s4
frame=5,2,769,511,91,249,29,179,s3
frame=5,3,1638,708,153,227,59,167,s4
frame=5,4,180,0,197,175,93,144,s5
frame=5,5,1577,0,174,164,90,117,s5
frame=5,6,1754,176,95,147,61,105,s5
frame=5,7,1600,176,153,149,93,117,s5

[critdie]
frames=8
duration=1066ms
type=play_once
frame=0,0,0,1009,243,245,149,231,s3
frame=0,1,751,1605,200,304,126,273,s1
frame=0,2,0,0,132,329,66,282,s1
frame=0,3,1678,0,182,296,60,259,s2
frame=0,4,1249,1009,242,244,93,230,s3
frame=0,5,1586,1741,198,238,73,195,s3
frame=0,6,1323,238,132,234,66,178,s4
frame=0,7,377,1706,184,258,123,214,s2
frame=1,0,1456,238,237,234,143,220,s4
frame=1,1,1071,597,187,285,118,251,s2
frame=1,2,717,656,123,319,62,272,s1
frame=1,3,1191,889,184,275,66,240,s2
frame=1,4,529,238,237,235,93,221,s4
frame=1,5,1478,1168,186,219,68,178,s4
frame=1,6,845,940,122,224,61,169,s4
frame=1,7,1258,708,182,228,116,187,s4
frame=2,0,228,1610,231,203,137,189,s4
frame=2,1,0,1442,177,263,114,226,s2
frame=2,2,810,597,119,288,59,241,s2
frame=2,3,562,1706,186,258,71,226,s2
frame=2,4,0,1168,231,222,93,207,s4
frame=2,5,1251,1391,177,213,62,174,s4
frame=2,6,1429,1391,119,213,59,162,s4
frame=2,7,1549,1391,185,213,113,174,s4
frame=3,0,1779,1610,226,186,132,172,s4
frame=3,1,767,238,170,235,110,197,s4
frame=3,2,578,1442,115,261,58,214,s2
frame=3,3,637,0,186,237,75,207,s4
frame=3,4,460,1610,225,202,93,184,s4
frame=3,5,802,1610,171,199,59,161,s4
frame=3,6,613,1814,114,181,57,133,s4
frame=3,7,0,1814,186,185,110,148,s4
frame=4,0,1209,1814,220,179,126,165,s4
frame=4,1,199,940,172,226,104,184,s4
frame=4,2,1104,1171,107,268,53,216,s2
frame=4,3,1792,708,179,227,73,192,s4
frame=4,4,1202,1610,218,191,93,169,s4
frame=4,5,1405,0,171,166,67,129,s5
frame=4,6,378,0,105,173,52,127,s5
frame=4,7,1648,1814,180,176,106,141,s4
frame=5,0,1752,0,206,164,112,150,s5
frame=5,1,1312,1168,165,220,90,175,s4
frame=5,2,607,761,87,247,38,189,s3
frame=5,3,232,1168,158,222,68,178,s4
frame=5,4,407,1814,205,182,93,157,s4
frame=5,5,1032,0,166,168,74,128,s5
frame=5,6,0,176,90,162,48,120,s5
frame=5,7,773,176,161,158,92,126,s5
frame=6,0,389,176,203,159,109,143,s5
frame=6,1,1575,940,170,223,87,175,s4
frame=6,2,1323,511,91,248,36,184,s3
frame=6,3,1665,1168,149,219,62,166,s4
frame=6,4,728,1814,202,180,93,152,s4
frame=6,5,860,0,171,169,82,125,s5
frame=6,6,1850,176,93,145,54,103,s5
frame=6,7,1293,176,152,152,89,120,s5
frame=7,0,185,176,203,160,109,140,s5
frame=7,1,564,1391,177,216,86,163,s4
frame=7,2,1069,761,96,246,34,176,s3
frame=7,3,391,1168,153,222,59,161,s4
frame=7,4,1829,1814,206,176,93,145,s4
frame=7,5,593,176,179,159,90,112,s5
frame=7,6,1944,176,95,142,61,100,s5
frame=7,7,1446,176,153,151,93,119,s5

[spawn]
frames=6
duration=800ms
type=play_once
frame=0,0,1120,1706,245,257,185,201,s2
frame=0,1,427,889,206,280,150,249,s2
frame=0,2,930,597,140,286,69,266,s2
frame=0,3,1633,889,191,272,39,241,s2
frame=0,4,244,1009,256,245,70,189,s3
frame=0,5,968,940,191,224,42,141,s4
frame=0,6,1815,1168,139,219,70,125,s4
frame=0,7,1620,257,195,250,152,167,s3
frame=1,0,861,511,223,249,187,198,s3
frame=1,1,0,889,214,281,149,249,s2
frame=1,2,957,0,142,300,71,272,s2
frame=1,3,1259,597,200,285,51,253,s2
frame=1,4,1376,889,256,273,68,222,s2
frame=1,5,654,708,218,229,69,154,s4
frame=1,6,185,1391,142,217,71,131,s4
frame=1,7,1818,1255,206,242,147,167,s3
frame=2,0,1678,474,240,231,171,205,s4
frame=2,1,215,889,211,281,142,253,s2
frame=2,2,1491,1605,143,303,72,268,s1
frame=2,3,634,889,192,280,54,252,s2
frame=2,4,1492,1009,239,244,68,218,s3
frame=2,5,824,0,196,237,54,186,s4
frame=2,6,742,1391,142,214,71,148,s4
frame=2,7,885,1391,192,214,137,163,s4
frame=3,0,182,1499,244,241,172,224,s3
frame=3,1,555,1295,187,309,132,281,s1
frame=3,2,1010,978,143,313,72,277,s1
frame=3,3,1655,597,212,282,69,254,s2
frame=3,4,873,708,242,229,71,209,s4
frame=3,5,0,474,187,233,54,180,s4
frame=3,6,1116,708,141,229,71,162,s4
frame=3,7,0,708,199,231,143,185,s4
frame=4,0,188,474,248,233,158,217,s4
frame=4,1,1488,0,189,298,125,265,s2
frame=4,2,1769,656,138,317,69,272,s1
frame=4,3,786,302,198,294,64,261,s2
frame=4,4,599,1741,247,239,89,223,s3
frame=4,5,938,238,188,235,63,187,s4
frame=4,6,515,708,138,230,69,170,s4
frame=4,7,0,940,198,227,133,184,s4
frame=5,0,886,0,247,255,153,241,s3
frame=5,1,985,302,203,294,128,263,s2
frame=5,2,1804,1166,132,336,66,289,s0
frame=5,3,531,656,185,320,60,282,s1
frame=5,4,1134,0,245,255,93,241,s3
frame=5,5,1652,0,199,236,74,192,s4
frame=5,6,1094,474,132,232,66,174,s4
frame=5,7,1227,474,185,232,125,187,s4
