# GENERATED by tools/gen_serpents.py -- edit SPECIES there, not this file.
image=images/enemies/rd_papao_0.png,s0
image=images/enemies/rd_papao_1.png,s1

[stance]
frames=4
duration=533ms
type=back_forth
frame=0,0,414,1440,112,156,56,132,s0
frame=0,1,981,771,98,169,48,140,s0
frame=0,2,1164,596,77,172,39,143,s0
frame=0,3,1696,943,95,166,46,140,s0
frame=0,4,691,1279,112,158,55,132,s0
frame=0,5,1166,1751,98,148,49,123,s0
frame=0,6,274,1751,77,149,37,120,s0
frame=0,7,1265,1751,95,148,48,123,s0
frame=1,0,527,1440,113,156,58,136,s0
frame=1,1,1658,596,101,171,49,145,s0
frame=1,2,1230,412,77,177,38,149,s0
frame=1,3,1760,596,100,171,50,145,s0
frame=1,4,641,1440,113,156,54,136,s0
frame=1,5,1577,1440,101,153,51,127,s0
frame=1,6,1679,1440,77,153,38,123,s0
frame=1,7,1757,1440,100,153,49,127,s0
frame=2,0,1765,1279,113,157,56,132,s0
frame=2,1,1725,771,98,168,48,140,s0
frame=2,2,688,596,75,173,37,143,s0
frame=2,3,1792,943,99,166,50,140,s0
frame=2,4,1879,1279,113,157,56,132,s0
frame=2,5,1361,1751,98,148,49,123,s0
frame=2,6,352,1751,75,149,37,120,s0
frame=2,7,1460,1751,99,148,48,123,s0
frame=3,0,0,1440,109,157,54,127,s0
frame=3,1,1824,771,95,168,47,135,s0
frame=3,2,1755,412,75,174,38,138,s0
frame=3,3,685,1112,94,165,46,135,s0
frame=3,4,804,1279,109,158,54,127,s0
frame=3,5,1332,0,95,145,47,120,s1
frame=3,6,1428,0,75,145,36,117,s1
frame=3,7,414,149,94,144,47,120,s1

[run]
frames=8
duration=533ms
type=looped
frame=0,0,428,1751,137,149,68,128,s0
frame=0,1,1861,596,113,171,56,142,s0
frame=0,2,0,412,79,183,39,148,s0
frame=0,3,0,771,113,171,56,142,s0
frame=0,4,1560,1751,138,148,69,128,s0
frame=0,5,1824,149,113,142,56,113,s1
frame=0,6,1381,149,79,143,39,108,s1
frame=0,7,0,295,112,142,56,113,s1
frame=1,0,707,1598,136,150,68,130,s0
frame=1,1,764,596,113,173,56,144,s0
frame=1,2,1718,218,79,184,39,150,s0
frame=1,3,878,596,115,173,58,144,s0
frame=1,4,844,1598,137,150,68,130,s0
frame=1,5,1504,0,113,145,56,116,s1
frame=1,6,1618,0,79,145,39,110,s1
frame=1,7,1698,0,114,145,56,116,s1
frame=2,0,982,1598,137,150,68,130,s0
frame=2,1,1831,412,114,174,56,144,s0
frame=2,2,1364,218,78,185,38,150,s0
frame=2,3,0,596,116,174,59,144,s0
frame=2,4,1120,1598,137,150,68,130,s0
frame=2,5,509,149,114,144,57,115,s1
frame=2,6,1813,0,78,145,39,110,s1
frame=2,7,624,149,115,144,56,115,s1
frame=3,0,1258,1598,139,150,68,130,s0
frame=3,1,117,596,114,174,56,144,s0
frame=3,2,1183,218,78,186,38,150,s0
frame=3,3,232,596,116,174,59,144,s0
frame=3,4,1398,1598,139,150,70,130,s0
frame=3,5,1892,0,114,145,57,116,s1
frame=3,6,0,149,78,145,39,110,s1
frame=3,7,79,149,115,145,56,116,s1
frame=4,0,1699,1751,141,148,68,128,s0
frame=4,1,114,771,113,171,56,142,s0
frame=4,2,1443,218,79,185,39,148,s0
frame=4,3,228,771,114,171,57,142,s0
frame=4,4,1841,1751,141,148,72,128,s0
frame=4,5,113,295,113,142,56,113,s1
frame=4,6,1461,149,79,143,39,108,s1
frame=4,7,227,295,114,142,56,113,s1
frame=5,0,1541,149,142,143,68,123,s1
frame=5,1,1920,771,112,168,56,138,s0
frame=5,2,779,412,78,180,39,143,s0
frame=5,3,0,943,113,168,56,138,s0
frame=5,4,195,149,142,145,73,123,s1
frame=5,5,1027,295,113,138,56,109,s1
frame=5,6,1141,295,78,138,38,103,s1
frame=5,7,1220,295,112,138,56,109,s1
frame=6,0,342,295,141,142,68,120,s1
frame=6,1,1143,943,113,167,56,134,s0
frame=6,2,1308,412,77,177,39,140,s0
frame=6,3,1257,943,112,167,55,134,s0
frame=6,4,934,0,142,146,73,120,s1
frame=6,5,110,438,114,135,57,106,s1
frame=6,6,225,438,77,135,37,100,s1
frame=6,7,303,438,112,135,56,106,s1
frame=7,0,1684,149,139,143,68,123,s1
frame=7,1,114,943,113,168,56,138,s0
frame=7,2,965,412,78,179,39,143,s0
frame=7,3,228,943,112,168,55,138,s0
frame=7,4,1077,0,140,146,71,123,s1
frame=7,5,1333,295,114,138,57,109,s1
frame=7,6,1448,295,78,138,38,103,s1
frame=7,7,1527,295,112,138,56,109,s1

[swing]
frames=4
duration=550ms
type=play_once
active_frame=2
frame=0,0,1875,1112,98,161,49,134,s0
frame=0,1,780,1112,88,165,43,138,s0
frame=0,2,1242,596,85,172,44,143,s0
frame=0,3,1135,1112,87,163,43,138,s0
frame=0,4,0,1279,98,160,48,134,s0
frame=0,5,1858,1440,88,153,44,129,s0
frame=0,6,1947,1440,85,153,40,127,s0
frame=0,7,619,1598,87,151,43,129,s0
frame=1,0,1301,1112,89,162,46,139,s0
frame=1,1,1370,943,83,167,40,144,s0
frame=1,2,1328,596,85,172,44,148,s0
frame=1,3,1892,943,91,166,45,144,s0
frame=1,4,99,1279,89,160,42,139,s0
frame=1,5,189,1279,83,160,42,137,s0
frame=1,6,372,1279,85,159,40,135,s0
frame=1,7,914,1279,91,158,45,137,s0
frame=2,0,1640,295,157,136,75,118,s1
frame=2,1,341,943,122,168,60,136,s0
frame=2,2,1798,218,77,184,35,143,s0
frame=2,3,1454,943,125,167,64,136,s0
frame=2,4,789,295,157,139,81,118,s1
frame=2,5,1268,438,123,131,62,100,s1
frame=2,6,1392,438,77,131,41,93,s1
frame=2,7,1470,438,124,131,60,100,s1
frame=3,0,740,149,138,144,67,121,s1
frame=3,1,464,943,111,168,55,135,s0
frame=3,2,1500,412,78,176,37,140,s0
frame=3,3,576,943,110,168,54,135,s0
frame=3,4,0,0,139,148,71,121,s1
frame=3,5,1798,295,111,136,55,108,s1
frame=3,6,1910,295,78,136,40,102,s1
frame=3,7,0,438,109,136,55,108,s1

[cast]
frames=4
duration=800ms
type=play_once
active_frame=2
frame=0,0,1006,1279,104,158,52,132,s0
frame=0,1,1080,771,108,169,61,141,s0
frame=0,2,1579,412,87,176,43,146,s0
frame=0,3,0,1112,104,166,43,141,s0
frame=0,4,1111,1279,104,158,51,132,s0
frame=0,5,0,1598,97,152,46,129,s0
frame=0,6,1365,1440,105,154,53,127,s0
frame=0,7,98,1598,88,152,44,129,s0
frame=1,0,683,412,95,181,52,158,s0
frame=1,1,810,0,107,201,64,179,s0
frame=1,2,1260,0,113,197,57,173,s0
frame=1,3,0,218,109,193,43,171,s0
frame=1,4,1876,218,97,184,42,161,s0
frame=1,5,971,218,105,188,42,165,s0
frame=1,6,687,943,113,168,57,145,s0
frame=1,7,260,412,110,182,66,160,s0
frame=2,0,717,0,92,202,52,175,s0
frame=2,1,107,0,104,213,64,189,s0
frame=2,2,918,0,120,201,60,171,s0
frame=2,3,0,0,106,217,41,190,s0
frame=2,4,425,0,91,205,39,180,s0
frame=2,5,1592,0,104,196,40,171,s0
frame=2,6,371,412,120,182,60,162,s0
frame=2,7,325,218,107,192,65,167,s0
frame=3,0,1262,218,101,186,55,154,s0
frame=3,1,547,218,109,190,67,160,s0
frame=3,2,1144,0,115,198,57,162,s0
frame=3,3,110,218,106,193,41,161,s0
frame=3,4,762,218,98,189,45,158,s0
frame=3,5,349,596,108,174,41,144,s0
frame=3,6,869,1112,115,165,57,142,s0
frame=3,7,1044,412,106,178,64,152,s0

[shoot]
frames=4
duration=800ms
type=play_once
active_frame=2
frame=0,0,1216,1279,104,158,52,132,s0
frame=0,1,1189,771,108,169,61,141,s0
frame=0,2,1667,412,87,176,43,146,s0
frame=0,3,105,1112,104,166,43,141,s0
frame=0,4,1321,1279,104,158,51,132,s0
frame=0,5,187,1598,97,152,46,129,s0
frame=0,6,1471,1440,105,154,53,127,s0
frame=0,7,285,1598,88,152,44,129,s0
frame=1,0,1523,218,95,185,52,162,s0
frame=1,1,217,218,107,193,64,171,s0
frame=1,2,433,218,113,191,57,167,s0
frame=1,3,861,218,109,189,43,167,s0
frame=1,4,80,412,97,183,42,160,s0
frame=1,5,1077,218,105,188,42,165,s0
frame=1,6,1386,412,113,177,57,154,s0
frame=1,7,492,412,110,182,66,160,s0
frame=2,0,624,0,92,203,52,176,s0
frame=2,1,1039,0,104,201,64,177,s0
frame=2,2,212,0,120,209,60,179,s0
frame=2,3,517,0,106,205,41,178,s0
frame=2,4,333,0,91,208,39,183,s0
frame=2,5,657,218,104,190,40,165,s0
frame=2,6,458,596,120,174,60,154,s0
frame=2,7,1807,0,107,194,65,169,s0
frame=3,0,1374,0,101,197,55,165,s0
frame=3,1,1697,0,109,196,67,166,s0
frame=3,2,1476,0,115,197,57,161,s0
frame=3,3,1915,0,106,194,41,162,s0
frame=3,4,1619,218,98,185,45,154,s0
frame=3,5,579,596,108,174,41,144,s0
frame=3,6,1580,943,115,167,57,144,s0
frame=3,7,858,412,106,180,64,154,s0

[block]
frames=2
duration=200ms
type=play_once
frame=0,0,755,1440,112,156,56,132,s0
frame=0,1,1298,771,103,169,53,140,s0
frame=0,2,1414,596,87,172,43,143,s0
frame=0,3,210,1112,99,166,46,140,s0
frame=0,4,1426,1279,112,158,55,132,s0
frame=0,5,1538,1598,102,150,49,123,s0
frame=0,6,566,1751,87,149,43,120,s0
frame=0,7,1641,1598,100,150,53,123,s0
frame=1,0,110,1440,113,157,56,132,s0
frame=1,1,801,943,103,168,53,140,s0
frame=1,2,994,596,87,173,43,143,s0
frame=1,3,310,1112,103,166,50,140,s0
frame=1,4,224,1440,113,157,56,132,s0
frame=1,5,1742,1598,102,150,49,123,s0
frame=1,6,654,1751,87,149,43,120,s0
frame=1,7,1845,1598,104,150,53,123,s0

[hit]
frames=2
duration=133ms
type=back_forth
frame=0,0,1391,1112,77,162,39,135,s0
frame=0,1,1469,1112,75,162,38,139,s0
frame=0,2,905,943,77,168,39,142,s0
frame=0,3,985,1112,73,164,34,139,s0
frame=0,4,458,1279,77,159,37,135,s0
frame=0,5,1059,1112,75,164,36,136,s0
frame=0,6,536,1279,77,159,37,136,s0
frame=0,7,1974,1112,73,161,38,136,s0
frame=1,0,1545,1112,76,162,39,135,s0
frame=1,1,1223,1112,77,163,40,139,s0
frame=1,2,343,771,75,171,37,142,s0
frame=1,3,414,1112,78,166,39,139,s0
frame=1,4,614,1279,76,159,36,135,s0
frame=1,5,1622,1112,77,162,36,136,s0
frame=1,6,338,1440,75,157,37,136,s0
frame=1,7,1700,1112,78,162,38,136,s0

[die]
frames=6
duration=800ms
type=play_once
frame=0,0,868,1440,112,156,56,132,s0
frame=0,1,1402,771,98,169,48,140,s0
frame=0,2,1502,596,77,172,39,143,s0
frame=0,3,493,1112,95,166,46,140,s0
frame=0,4,1539,1279,112,158,55,132,s0
frame=0,5,140,0,98,148,49,123,s1
frame=0,6,742,1751,77,149,37,120,s0
frame=0,7,239,0,95,148,48,123,s1
frame=1,0,820,1751,133,149,80,129,s0
frame=1,1,419,771,112,171,65,147,s0
frame=1,2,603,412,79,182,39,155,s0
frame=1,3,532,771,113,171,47,147,s0
frame=1,4,954,1751,133,149,52,129,s0
frame=1,5,879,149,112,144,46,111,s1
frame=1,6,992,149,79,144,39,103,s1
frame=1,7,1072,149,113,144,65,111,s1
frame=2,0,390,575,170,118,122,97,s1
frame=2,1,1094,1440,134,155,92,134,s0
frame=2,2,1082,596,81,173,40,149,s0
frame=2,3,1229,1440,135,155,42,134,s0
frame=2,4,561,575,170,118,47,97,s1
frame=2,5,1286,575,135,115,42,68,s1
frame=2,6,0,575,81,127,40,65,s1
frame=2,7,1566,575,134,113,92,66,s1
frame=3,0,1668,926,174,82,143,60,s1
frame=3,1,1626,703,140,109,105,90,s1
frame=3,2,82,575,85,125,42,109,s1
frame=3,3,0,817,144,108,38,90,s1
frame=3,4,603,926,174,85,30,63,s1
frame=3,5,286,703,141,112,35,58,s1
frame=3,6,416,438,85,135,42,62,s1
frame=3,7,1701,575,143,113,105,59,s1
frame=4,0,857,1013,171,76,148,54,s1
frame=4,1,1845,817,140,86,107,68,s1
frame=4,2,1184,817,87,96,43,84,s1
frame=4,3,778,926,143,85,35,68,s1
frame=4,4,511,1013,172,77,23,55,s1
frame=4,5,1767,703,141,109,33,52,s1
frame=4,6,1012,438,87,132,43,57,s1
frame=4,7,1845,575,142,113,107,56,s1
frame=5,0,0,1013,171,79,148,56,s1
frame=5,1,0,926,140,86,107,68,s1
frame=5,2,1272,817,87,96,43,84,s1
frame=5,3,922,926,142,85,34,68,s1
frame=5,4,1201,1013,172,75,23,52,s1
frame=5,5,145,817,141,108,33,51,s1
frame=5,6,1694,438,87,130,43,55,s1
frame=5,7,428,703,142,112,107,55,s1

[critdie]
frames=8
duration=1066ms
type=play_once
frame=0,0,981,1440,112,156,56,132,s0
frame=0,1,1501,771,98,169,48,140,s0
frame=0,2,1580,596,77,172,39,143,s0
frame=0,3,589,1112,95,166,46,140,s0
frame=0,4,1652,1279,112,158,55,132,s0
frame=0,5,335,0,98,148,49,123,s1
frame=0,6,1088,1751,77,149,37,120,s0
frame=0,7,434,0,95,148,48,123,s1
frame=1,0,374,1598,121,152,69,132,s0
frame=1,1,646,771,105,170,57,146,s0
frame=1,2,1151,412,78,178,39,151,s0
frame=1,3,752,771,105,170,47,146,s0
frame=1,4,496,1598,122,152,52,132,s0
frame=1,5,609,0,105,147,47,118,s1
frame=1,6,530,0,78,148,38,113,s1
frame=1,7,715,0,104,147,57,118,s1
frame=2,0,484,295,151,141,99,120,s1
frame=2,1,858,771,122,170,77,146,s0
frame=2,2,178,412,81,183,40,157,s0
frame=2,3,1600,771,124,169,46,146,s0
frame=2,4,636,295,152,141,52,120,s1
frame=2,5,502,438,122,133,44,94,s1
frame=2,6,625,438,81,133,40,83,s1
frame=2,7,707,438,123,133,77,94,s1
frame=3,0,994,703,172,111,126,90,s1
frame=3,1,0,1751,136,150,95,129,s0
frame=3,2,983,943,83,168,41,145,s0
frame=3,3,137,1751,136,150,40,129,s0
frame=3,4,1167,703,173,111,46,90,s1
frame=3,5,812,575,137,116,41,67,s1
frame=3,6,1958,438,83,128,41,64,s1
frame=3,7,571,703,135,112,95,63,s1
frame=4,0,1065,926,174,85,141,63,s1
frame=4,1,950,575,141,116,104,96,s1
frame=4,2,1100,438,83,132,41,115,s1
frame=4,3,1422,575,143,115,38,96,s1
frame=4,4,141,926,175,86,33,64,s1
frame=4,5,0,703,141,113,36,60,s1
frame=4,6,1184,438,83,132,41,61,s1
frame=4,7,707,703,143,112,104,59,s1
frame=5,0,684,1013,172,77,148,55,s1
frame=5,1,1704,817,140,87,107,69,s1
frame=5,2,1010,817,85,97,42,85,s1
frame=5,3,317,926,144,86,36,69,s1
frame=5,4,172,1013,172,79,23,57,s1
frame=5,5,1484,703,141,110,33,54,s1
frame=5,6,831,438,85,133,42,58,s1
frame=5,7,142,703,143,113,107,57,s1
frame=6,0,1029,1013,171,76,148,54,s1
frame=6,1,1240,926,140,85,107,67,s1
frame=6,2,1360,817,87,96,43,84,s1
frame=6,3,1524,926,143,84,35,67,s1
frame=6,4,1374,1013,172,75,23,53,s1
frame=6,5,287,817,141,108,33,51,s1
frame=6,6,1782,438,87,130,43,55,s1
frame=6,7,851,703,142,112,107,55,s1
frame=7,0,1843,926,171,80,148,57,s1
frame=7,1,462,926,140,86,107,68,s1
frame=7,2,1096,817,87,97,43,85,s1
frame=7,3,1381,926,142,85,34,68,s1
frame=7,4,1547,1013,172,75,23,52,s1
frame=7,5,429,817,141,107,33,51,s1
frame=7,6,1870,438,87,130,43,55,s1
frame=7,7,1341,703,142,111,107,55,s1

[spawn]
frames=6
duration=800ms
type=play_once
frame=0,0,1000,1093,53,38,34,31,s1
frame=0,1,826,1093,61,44,36,32,s1
frame=0,2,929,1093,70,39,38,33,s1
frame=0,3,1283,1093,62,32,24,33,s1
frame=0,4,769,1093,56,45,26,33,s1
frame=0,5,888,1093,40,40,17,29,s1
frame=0,6,492,1093,63,48,32,43,s1
frame=0,7,1054,1093,66,38,29,30,s1
frame=1,0,1121,1093,81,38,56,25,s1
frame=1,1,616,1093,64,47,48,37,s1
frame=1,2,339,1093,65,52,33,37,s1
frame=1,3,681,1093,87,46,38,37,s1
frame=1,4,1203,1093,79,38,22,25,s1
frame=1,5,405,1093,86,52,37,27,s1
frame=1,6,556,1093,59,48,34,19,s1
frame=1,7,257,1093,81,54,48,29,s1
frame=2,0,1720,1013,84,75,56,53,s1
frame=2,1,345,1013,82,78,48,61,s1
frame=2,2,1900,1013,87,73,43,64,s1
frame=2,3,428,1013,82,78,33,61,s1
frame=2,4,1805,1013,94,75,37,53,s1
frame=2,5,88,1093,82,69,33,44,s1
frame=2,6,0,1093,87,70,43,41,s1
frame=2,7,171,1093,85,69,48,44,s1
frame=3,0,822,817,93,98,56,76,s1
frame=3,1,655,817,81,103,48,84,s1
frame=3,2,571,817,83,107,41,88,s1
frame=3,3,737,817,84,101,35,84,s1
frame=3,4,916,817,93,98,36,76,s1
frame=3,5,1448,817,86,93,37,68,s1
frame=3,6,1535,817,83,93,41,64,s1
frame=3,7,1619,817,84,93,48,68,s1
frame=4,0,168,575,110,121,56,100,s1
frame=4,1,917,438,94,133,48,108,s1
frame=4,2,947,295,79,139,39,111,s1
frame=4,3,1595,438,98,131,49,108,s1
frame=4,4,279,575,110,121,53,100,s1
frame=4,5,1092,575,94,116,45,91,s1
frame=4,6,732,575,79,117,39,88,s1
frame=4,7,1187,575,98,116,48,91,s1
frame=5,0,820,0,113,147,56,127,s1
frame=5,1,273,1279,98,160,48,136,s0
frame=5,2,1067,943,75,168,38,139,s0
frame=5,3,1779,1112,95,162,46,136,s0
frame=5,4,1218,0,113,146,56,127,s1
frame=5,5,1186,149,98,144,49,119,s1
frame=5,6,338,149,75,145,36,116,s1
frame=5,7,1285,149,95,144,48,119,s1
