# GENERATED by tools/gen_serpents.py -- edit SPECIES there, not this file.
image=images/enemies/rd_sucuri_0.png,s0

[stance]
frames=4
duration=533ms
type=back_forth
frame=0,0,1895,1119,151,48,67,38,s0
frame=0,1,197,319,116,87,51,57,s0
frame=0,2,650,0,51,107,18,65,s0
frame=0,3,803,225,110,90,58,57,s0
frame=0,4,1605,1060,151,55,83,38,s0
frame=0,5,939,998,116,59,64,32,s0
frame=0,6,242,494,51,80,32,45,s0
frame=0,7,914,867,110,64,51,37,s0
frame=1,0,1587,1119,151,49,67,40,s0
frame=1,1,314,319,119,87,51,59,s0
frame=1,2,440,0,51,109,16,67,s0
frame=1,3,1630,121,106,93,54,59,s0
frame=1,4,0,1060,151,58,83,40,s0
frame=1,5,152,1060,119,58,67,31,s0
frame=1,6,294,494,51,80,34,45,s0
frame=1,7,1441,800,106,65,51,38,s0
frame=2,0,1214,1175,152,46,67,38,s0
frame=2,1,47,408,122,84,51,57,s0
frame=2,2,492,0,50,108,14,65,s0
frame=2,3,1737,121,104,93,52,57,s0
frame=2,4,859,1060,152,57,84,38,s0
frame=2,5,1252,1060,122,56,70,29,s0
frame=2,6,346,494,50,80,35,45,s0
frame=2,7,0,800,104,66,51,39,s0
frame=3,0,547,1224,153,44,67,36,s0
frame=3,1,1638,408,125,81,51,55,s0
frame=3,2,1002,0,50,106,13,63,s0
frame=3,3,183,225,102,92,50,55,s0
frame=3,4,1757,1060,153,55,85,36,s0
frame=3,5,1911,1060,125,55,73,28,s0
frame=3,6,1764,408,50,81,36,46,s0
frame=3,7,1248,730,102,67,51,40,s0

[run]
frames=8
duration=533ms
type=looped
frame=0,0,857,1271,165,39,74,29,s0
frame=0,1,170,408,121,84,56,51,s0
frame=0,2,1053,0,46,106,19,60,s0
frame=0,3,292,408,122,84,65,51,s0
frame=0,4,1005,1224,165,43,90,29,s0
frame=0,5,1548,800,121,65,64,36,s0
frame=0,6,1178,319,46,86,26,48,s0
frame=0,7,1670,800,121,65,56,36,s0
frame=1,0,1862,1271,166,37,74,29,s0
frame=1,1,397,494,131,80,56,51,s0
frame=1,2,1100,0,45,106,13,60,s0
frame=1,3,1508,225,113,89,56,51,s0
frame=1,4,1367,1175,166,46,91,29,s0
frame=1,5,119,998,131,60,74,31,s0
frame=1,6,434,319,45,87,31,49,s0
frame=1,7,1764,655,113,69,56,40,s0
frame=2,0,0,1313,166,37,74,29,s0
frame=2,1,0,576,136,78,56,51,s0
frame=2,2,702,0,45,107,13,60,s0
frame=2,3,502,225,109,91,52,51,s0
frame=2,4,1534,1175,167,46,92,29,s0
frame=2,5,1056,998,136,59,79,30,s0
frame=2,6,480,319,45,87,31,49,s0
frame=2,7,139,655,109,72,56,43,s0
frame=3,0,1023,1271,166,39,74,29,s0
frame=3,1,1128,494,132,79,56,51,s0
frame=3,2,1146,0,45,106,18,60,s0
frame=3,3,1622,225,112,89,55,51,s0
frame=3,4,1171,1224,166,43,91,29,s0
frame=3,5,714,933,132,62,75,33,s0
frame=3,6,526,319,45,87,26,49,s0
frame=3,7,1538,655,112,70,56,41,s0
frame=4,0,1338,1224,165,43,74,29,s0
frame=4,1,415,408,121,84,56,51,s0
frame=4,2,1192,0,46,106,26,60,s0
frame=4,3,537,408,121,84,64,51,s0
frame=4,4,1190,1271,165,39,90,29,s0
frame=4,5,1792,800,122,65,65,36,s0
frame=4,6,1225,319,46,86,19,48,s0
frame=4,7,1915,800,121,65,56,36,s0
frame=5,0,1702,1175,166,46,74,29,s0
frame=5,1,1735,225,113,89,56,51,s0
frame=5,2,1239,0,45,106,31,60,s0
frame=5,3,529,494,131,80,74,51,s0
frame=5,4,167,1313,166,37,91,29,s0
frame=5,5,1878,655,113,69,56,40,s0
frame=5,6,572,319,45,87,13,49,s0
frame=5,7,251,998,131,60,56,31,s0
frame=6,0,1869,1175,166,46,74,29,s0
frame=6,1,612,225,109,91,56,51,s0
frame=6,2,748,0,45,107,31,60,s0
frame=6,3,137,576,136,78,79,51,s0
frame=6,4,334,1313,167,37,92,29,s0
frame=6,5,249,655,109,72,52,43,s0
frame=6,6,618,319,45,87,13,49,s0
frame=6,7,1193,998,136,59,56,30,s0
frame=7,0,1504,1224,166,43,74,29,s0
frame=7,1,1849,225,112,89,56,51,s0
frame=7,2,1285,0,45,106,26,60,s0
frame=7,3,1261,494,132,79,75,51,s0
frame=7,4,1356,1271,166,39,91,29,s0
frame=7,5,1651,655,112,70,55,41,s0
frame=7,6,664,319,45,87,18,49,s0
frame=7,7,847,933,132,62,56,33,s0

[swing]
frames=4
duration=500ms
type=play_once
active_frame=2
frame=0,0,0,1119,135,55,49,45,s0
frame=0,1,0,319,108,88,38,58,s0
frame=0,2,1331,0,55,106,19,63,s0
frame=0,3,1842,121,98,93,59,58,s0
frame=0,4,235,933,135,63,85,45,s0
frame=0,5,1045,1119,108,53,69,33,s0
frame=0,6,359,655,55,72,35,46,s0
frame=0,7,383,998,98,60,38,40,s0
frame=1,0,482,998,131,60,42,49,s0
frame=1,1,914,225,106,90,33,59,s0
frame=1,2,543,0,55,108,19,63,s0
frame=1,3,1328,121,95,96,61,59,s0
frame=1,4,530,730,131,68,88,49,s0
frame=1,5,1375,1060,106,56,72,38,s0
frame=1,6,1992,655,55,69,35,47,s0
frame=1,7,1330,998,95,59,33,41,s0
frame=2,0,502,1313,176,36,117,24,s0
frame=2,1,1656,319,126,85,87,61,s0
frame=2,2,1387,0,40,106,23,76,s0
frame=2,3,1815,408,135,81,47,61,s0
frame=2,4,1418,1313,177,33,59,24,s0
frame=2,5,855,655,126,71,38,27,s0
frame=2,6,1941,121,40,93,16,33,s0
frame=2,7,105,800,134,66,87,22,s0
frame=3,0,499,1271,161,40,89,31,s0
frame=3,1,659,408,120,84,66,58,s0
frame=3,2,1634,0,47,105,17,69,s0
frame=3,3,1783,319,117,85,50,58,s0
frame=3,4,0,1224,161,46,71,31,s0
frame=3,5,980,933,120,62,53,28,s0
frame=3,6,780,408,47,84,29,39,s0
frame=3,7,0,867,117,65,66,31,s0

[cast]
frames=4
duration=500ms
type=play_once
active_frame=2
frame=0,0,272,1060,137,58,53,47,s0
frame=0,1,286,225,107,92,41,61,s0
frame=0,2,330,0,54,110,21,67,s0
frame=0,3,1424,121,102,95,60,61,s0
frame=0,4,1025,867,138,64,84,47,s0
frame=0,5,136,1119,107,55,65,33,s0
frame=0,6,415,655,54,72,32,45,s0
frame=0,7,614,998,102,60,41,38,s0
frame=1,0,118,867,137,65,53,54,s0
frame=1,1,896,121,107,99,41,68,s0
frame=1,2,110,0,54,117,21,74,s0
frame=1,3,100,121,102,102,60,68,s0
frame=1,4,982,655,138,71,84,54,s0
frame=1,5,1101,933,107,62,65,40,s0
frame=1,6,470,655,54,72,32,45,s0
frame=1,7,1209,933,102,62,41,40,s0
frame=2,0,662,730,137,68,53,57,s0
frame=2,1,1780,0,107,103,41,72,s0
frame=2,2,0,0,54,120,21,77,s0
frame=2,3,1428,0,102,106,60,72,s0
frame=2,4,1832,576,138,74,84,57,s0
frame=2,5,240,800,107,66,65,44,s0
frame=2,6,525,655,54,72,32,45,s0
frame=2,7,348,800,102,66,41,44,s0
frame=3,0,256,867,137,65,53,54,s0
frame=3,1,1004,121,107,99,41,68,s0
frame=3,2,165,0,54,117,21,74,s0
frame=3,3,203,121,102,102,60,68,s0
frame=3,4,1121,655,138,71,84,54,s0
frame=3,5,1312,933,107,62,65,40,s0
frame=3,6,580,655,54,72,32,45,s0
frame=3,7,1420,933,102,62,41,40,s0

[shoot]
frames=4
duration=500ms
type=play_once
active_frame=2
frame=0,0,410,1060,137,58,53,47,s0
frame=0,1,394,225,107,92,41,61,s0
frame=0,2,385,0,54,110,21,67,s0
frame=0,3,1527,121,102,95,60,61,s0
frame=0,4,1164,867,138,64,84,47,s0
frame=0,5,244,1119,107,55,65,33,s0
frame=0,6,635,655,54,72,32,45,s0
frame=0,7,717,998,102,60,41,38,s0
frame=1,0,394,867,137,65,53,54,s0
frame=1,1,1112,121,107,99,41,68,s0
frame=1,2,220,0,54,117,21,74,s0
frame=1,3,306,121,102,102,60,68,s0
frame=1,4,1260,655,138,71,84,54,s0
frame=1,5,1523,933,107,62,65,40,s0
frame=1,6,690,655,54,72,32,45,s0
frame=1,7,1631,933,102,62,41,40,s0
frame=2,0,800,730,137,68,53,57,s0
frame=2,1,1888,0,107,103,41,72,s0
frame=2,2,55,0,54,120,21,77,s0
frame=2,3,1531,0,102,106,60,72,s0
frame=2,4,0,655,138,74,84,57,s0
frame=2,5,451,800,107,66,65,44,s0
frame=2,6,745,655,54,72,32,45,s0
frame=2,7,559,800,102,66,41,44,s0
frame=3,0,532,867,137,65,53,54,s0
frame=3,1,1220,121,107,99,41,68,s0
frame=3,2,275,0,54,117,21,74,s0
frame=3,3,409,121,102,102,60,68,s0
frame=3,4,1399,655,138,71,84,54,s0
frame=3,5,1734,933,107,62,65,40,s0
frame=3,6,800,655,54,72,32,45,s0
frame=3,7,1842,933,102,62,41,40,s0

[block]
frames=2
duration=200ms
type=play_once
frame=0,0,0,1175,151,48,67,38,s0
frame=0,1,710,319,116,87,51,57,s0
frame=0,2,794,0,51,107,18,65,s0
frame=0,3,1021,225,110,90,58,57,s0
frame=0,4,352,1119,151,55,83,38,s0
frame=0,5,1426,998,116,59,64,32,s0
frame=0,6,661,494,51,80,32,45,s0
frame=0,7,1303,867,110,64,51,37,s0
frame=1,0,162,1224,152,46,67,38,s0
frame=1,1,828,408,122,84,51,57,s0
frame=1,2,599,0,50,108,14,65,s0
frame=1,3,0,225,104,93,52,57,s0
frame=1,4,1012,1060,152,57,84,38,s0
frame=1,5,1482,1060,122,56,70,29,s0
frame=1,6,713,494,50,80,35,45,s0
frame=1,7,662,800,104,66,51,39,s0

[hit]
frames=2
duration=133ms
type=back_forth
frame=0,0,701,1224,151,44,58,34,s0
frame=0,1,1118,408,116,83,45,50,s0
frame=0,2,1996,0,51,103,18,56,s0
frame=0,3,1272,319,110,86,64,50,s0
frame=0,4,1283,1119,151,51,92,34,s0
frame=0,5,548,1060,116,58,70,35,s0
frame=0,6,1394,494,51,79,32,49,s0
frame=0,7,371,933,110,63,45,40,s0
frame=1,0,853,1224,151,44,58,34,s0
frame=1,1,1235,408,116,83,45,50,s0
frame=1,2,0,121,51,103,18,56,s0
frame=1,3,1383,319,110,86,64,50,s0
frame=1,4,1435,1119,151,51,92,34,s0
frame=1,5,665,1060,116,58,70,35,s0
frame=1,6,1446,494,51,79,32,49,s0
frame=1,7,482,933,110,63,45,40,s0

[die]
frames=6
duration=800ms
type=play_once
frame=0,0,152,1175,151,48,67,38,s0
frame=0,1,827,319,116,87,51,57,s0
frame=0,2,846,0,51,107,18,65,s0
frame=0,3,1132,225,110,90,58,57,s0
frame=0,4,504,1119,151,55,83,38,s0
frame=0,5,1543,998,116,59,64,32,s0
frame=0,6,764,494,51,80,32,45,s0
frame=0,7,1414,867,110,64,51,37,s0
frame=1,0,0,1271,158,41,69,31,s0
frame=1,1,1352,408,118,83,52,51,s0
frame=1,2,1731,0,48,104,17,59,s0
frame=1,3,1901,319,115,85,62,51,s0
frame=1,4,608,1175,158,47,88,31,s0
frame=1,5,0,998,118,61,65,34,s0
frame=1,6,1589,408,48,82,30,47,s0
frame=1,7,1525,867,114,64,52,37,s0
frame=2,0,1019,1313,164,35,71,26,s0
frame=2,1,1498,494,122,79,54,46,s0
frame=2,2,512,121,46,102,17,55,s0
frame=2,3,816,494,120,80,65,46,s0
frame=2,4,159,1271,164,41,92,26,s0
frame=2,5,1640,867,122,64,67,36,s0
frame=2,6,0,408,46,85,28,49,s0
frame=2,7,767,800,120,66,54,38,s0
frame=3,0,1596,1313,169,33,72,24,s0
frame=3,1,274,576,126,78,55,43,s0
frame=3,2,637,121,43,101,16,52,s0
frame=3,3,1621,494,124,79,68,43,s0
frame=3,4,679,1313,169,36,96,22,s0
frame=3,5,888,800,126,66,70,37,s0
frame=3,6,109,319,43,88,26,51,s0
frame=3,7,1351,730,124,67,55,38,s0
frame=4,0,802,1351,174,31,74,22,s0
frame=4,1,786,576,129,77,56,41,s0
frame=4,2,812,121,40,100,15,50,s0
frame=4,3,401,576,127,78,70,41,s0
frame=4,4,173,1351,174,32,99,19,s0
frame=4,5,1476,730,129,67,72,38,s0
frame=4,6,722,225,40,91,24,53,s0
frame=4,7,938,730,127,68,56,39,s0
frame=5,0,1751,1351,178,29,76,21,s0
frame=5,1,916,576,132,77,58,40,s0
frame=5,2,559,121,38,102,15,50,s0
frame=5,3,1049,576,131,77,72,40,s0
frame=5,4,1226,1351,179,30,102,18,s0
frame=5,5,0,730,132,69,73,39,s0
frame=5,6,105,225,38,93,22,54,s0
frame=5,7,133,730,131,69,58,39,s0

[critdie]
frames=8
duration=1066ms
type=play_once
frame=0,0,304,1175,151,48,67,38,s0
frame=0,1,944,319,116,87,51,57,s0
frame=0,2,898,0,51,107,18,65,s0
frame=0,3,1243,225,110,90,58,57,s0
frame=0,4,656,1119,151,55,83,38,s0
frame=0,5,1660,998,116,59,64,32,s0
frame=0,6,937,494,51,80,32,45,s0
frame=0,7,1763,867,110,64,51,37,s0
frame=1,0,1671,1224,155,43,68,33,s0
frame=1,1,951,408,118,84,52,53,s0
frame=1,2,1682,0,48,105,17,61,s0
frame=1,3,1494,319,114,86,61,53,s0
frame=1,4,1739,1119,155,49,86,33,s0
frame=1,5,820,998,118,60,65,33,s0
frame=1,6,1951,408,48,81,30,46,s0
frame=1,7,1874,867,113,64,52,37,s0
frame=2,0,1627,1271,161,38,70,29,s0
frame=2,1,0,494,120,81,53,49,s0
frame=2,2,52,121,47,103,17,57,s0
frame=2,3,1471,408,117,83,63,49,s0
frame=2,4,315,1224,161,45,90,29,s0
frame=2,5,593,933,120,63,66,35,s0
frame=2,6,1070,408,47,84,29,48,s0
frame=2,7,670,867,117,65,53,37,s0
frame=3,0,1252,1313,165,34,71,25,s0
frame=3,1,1746,494,123,79,54,46,s0
frame=3,2,681,121,46,101,17,54,s0
frame=3,3,121,494,120,81,65,46,s0
frame=3,4,661,1271,165,40,93,25,s0
frame=3,5,0,933,123,64,68,36,s0
frame=3,6,1609,319,46,86,28,50,s0
frame=3,7,1015,800,120,66,54,38,s0
frame=4,0,1766,1313,169,33,72,24,s0
frame=4,1,1181,576,125,77,55,43,s0
frame=4,2,728,121,43,101,16,52,s0
frame=4,3,1870,494,123,79,67,43,s0
frame=4,4,849,1313,169,36,96,22,s0
frame=4,5,788,867,125,65,69,37,s0
frame=4,6,153,319,43,88,26,51,s0
frame=4,7,1136,800,123,66,55,38,s0
frame=5,0,348,1351,172,32,73,23,s0
frame=5,1,1307,576,128,77,56,42,s0
frame=5,2,853,121,42,100,16,50,s0
frame=5,3,529,576,126,78,69,42,s0
frame=5,4,0,1351,172,33,98,20,s0
frame=5,5,1260,800,128,66,71,37,s0
frame=5,6,1354,225,42,90,25,52,s0
frame=5,7,1606,730,126,67,56,38,s0
frame=6,0,977,1351,176,31,75,22,s0
frame=6,1,1436,576,130,77,57,41,s0
frame=6,2,772,121,39,101,15,50,s0
frame=6,3,656,576,129,78,71,41,s0
frame=6,4,521,1351,176,32,100,19,s0
frame=6,5,1733,730,130,67,72,38,s0
frame=6,6,763,225,39,91,23,53,s0
frame=6,7,1066,730,129,68,57,39,s0
frame=7,0,0,1385,178,29,76,21,s0
frame=7,1,1567,576,132,77,58,40,s0
frame=7,2,598,121,38,102,15,50,s0
frame=7,3,1700,576,131,77,72,40,s0
frame=7,4,1406,1351,179,30,102,18,s0
frame=7,5,265,730,132,69,73,39,s0
frame=7,6,144,225,38,93,22,54,s0
frame=7,7,398,730,131,69,58,39,s0

[spawn]
frames=6
duration=800ms
type=play_once
frame=0,0,716,1385,39,22,22,20,s0
frame=0,1,223,1385,38,28,19,24,s0
frame=0,2,589,1385,32,26,19,25,s0
frame=0,3,548,1385,40,27,26,23,s0
frame=0,4,179,1385,43,29,20,21,s0
frame=0,5,262,1385,38,28,21,25,s0
frame=0,6,1586,1351,37,30,23,21,s0
frame=0,7,1624,1351,42,30,24,24,s0
frame=1,0,301,1385,87,28,67,20,s0
frame=1,1,1184,1313,67,35,51,26,s0
frame=1,2,324,1271,42,41,23,34,s0
frame=1,3,389,1385,75,28,23,26,s0
frame=1,4,622,1385,93,26,25,16,s0
frame=1,5,767,1175,72,47,20,20,s0
frame=1,6,1777,998,47,59,26,24,s0
frame=1,7,477,1224,69,45,51,18,s0
frame=2,0,1667,1351,83,30,67,22,s0
frame=2,1,1154,1351,71,31,51,33,s0
frame=2,2,827,1271,29,40,13,41,s0
frame=2,3,1789,1271,72,38,20,33,s0
frame=2,4,465,1385,82,28,14,20,s0
frame=2,5,840,1175,59,47,7,20,s0
frame=2,6,1945,933,28,62,14,27,s0
frame=2,7,900,1175,68,47,51,20,s0
frame=3,0,698,1351,103,32,67,22,s0
frame=3,1,782,1060,76,58,51,41,s0
frame=3,2,1196,730,51,68,18,49,s0
frame=3,3,960,1119,84,54,32,41,s0
frame=3,4,1523,1271,103,39,35,22,s0
frame=3,5,1154,1119,76,53,24,26,s0
frame=3,6,1231,1119,51,53,32,18,s0
frame=3,7,1827,1224,84,43,51,16,s0
frame=4,0,367,1271,131,41,67,30,s0
frame=4,1,1864,730,112,67,51,49,s0
frame=4,2,1962,225,59,89,26,57,s0
frame=4,3,989,494,86,80,34,49,s0
frame=4,4,969,1175,131,47,63,30,s0
frame=4,5,1101,1175,112,47,60,20,s0
frame=4,6,1389,800,51,66,32,31,s0
frame=4,7,1165,1060,86,57,51,30,s0
frame=5,0,456,1175,151,48,67,38,s0
frame=5,1,1061,319,116,87,51,57,s0
frame=5,2,950,0,51,107,18,65,s0
frame=5,3,1397,225,110,90,58,57,s0
frame=5,4,808,1119,151,55,83,38,s0
frame=5,5,1825,998,116,59,64,32,s0
frame=5,6,1076,494,51,80,32,45,s0
frame=5,7,124,933,110,64,51,37,s0
