# GENERATED by tools/gen_serpents.py -- edit SPECIES there, not this file.
image=images/enemies/rd_saci_0.png,s0
image=images/enemies/rd_saci_1.png,s1
image=images/enemies/rd_saci_2.png,s2

[stance]
frames=4
duration=533ms
type=back_forth
frame=0,0,292,598,117,192,75,158,s1
frame=0,1,1145,1334,124,207,77,183,s0
frame=0,2,1036,461,135,219,67,198,s0
frame=0,3,414,902,124,215,46,191,s0
frame=0,4,1485,1754,117,202,41,168,s0
frame=0,5,410,598,124,192,46,153,s1
frame=0,6,1198,402,135,193,67,154,s1
frame=0,7,1595,203,124,195,77,156,s1
frame=1,0,376,0,123,200,80,165,s1
frame=1,1,1403,683,123,216,77,193,s0
frame=1,2,553,0,136,230,68,208,s0
frame=1,3,556,235,124,224,45,200,s0
frame=1,4,497,1334,123,209,42,175,s0
frame=1,5,1417,0,122,198,45,158,s1
frame=1,6,1024,0,136,199,67,158,s1
frame=1,7,1540,0,124,198,78,159,s1
frame=2,0,784,792,119,190,75,156,s1
frame=2,1,1270,1334,124,207,77,183,s0
frame=2,2,122,461,135,220,67,198,s0
frame=2,3,539,902,124,215,46,191,s0
frame=2,4,1603,1754,119,202,43,168,s0
frame=2,5,1720,203,124,195,46,156,s1
frame=2,6,1334,402,135,193,67,154,s1
frame=2,7,535,598,124,192,77,153,s1
frame=3,0,660,598,118,192,73,158,s1
frame=3,1,1395,1334,124,207,77,183,s0
frame=3,2,258,461,135,220,67,197,s0
frame=3,3,664,902,124,215,47,191,s0
frame=3,4,869,1754,119,203,45,168,s0
frame=3,5,1024,792,123,189,46,150,s1
frame=3,6,0,1175,136,187,68,150,s1
frame=3,7,608,985,124,188,76,149,s1

[run]
frames=8
duration=533ms
type=looped
frame=0,0,779,598,141,192,99,158,s1
frame=0,1,500,0,124,200,80,177,s1
frame=0,2,1527,683,135,216,67,195,s0
frame=0,3,1520,1334,124,207,44,185,s0
frame=0,4,733,985,141,188,41,154,s1
frame=0,5,409,1175,124,186,43,145,s1
frame=0,6,921,598,135,192,67,142,s1
frame=0,7,875,985,125,188,80,147,s1
frame=1,0,629,402,142,194,100,160,s1
frame=1,1,353,1546,124,206,81,183,s0
frame=1,2,949,235,136,222,68,201,s0
frame=1,3,1550,1119,127,212,45,190,s0
frame=1,4,118,792,142,191,41,157,s1
frame=1,5,1148,792,125,189,43,148,s1
frame=1,6,1051,203,135,196,67,145,s1
frame=1,7,261,792,126,191,81,150,s1
frame=2,0,772,402,145,194,102,159,s1
frame=2,1,793,1334,127,208,84,185,s0
frame=2,2,1347,0,136,225,68,203,s0
frame=2,3,1461,902,127,214,45,192,s0
frame=2,4,1470,402,145,193,42,159,s1
frame=2,5,1274,792,127,189,42,148,s1
frame=2,6,160,203,136,197,67,145,s1
frame=2,7,1057,598,128,192,82,149,s1
frame=3,0,1186,598,147,192,103,158,s1
frame=3,1,103,1334,128,210,85,187,s0
frame=3,2,830,0,136,228,68,206,s0
frame=3,3,1738,461,127,218,45,196,s0
frame=3,4,297,203,147,197,43,163,s1
frame=3,5,388,792,128,191,42,150,s1
frame=3,6,445,203,135,197,67,145,s1
frame=3,7,517,792,127,191,81,148,s1
frame=4,0,1001,985,143,188,99,154,s1
frame=4,1,625,0,122,200,80,177,s1
frame=4,2,511,683,135,217,67,195,s0
frame=4,3,478,1546,125,206,45,185,s0
frame=4,4,1334,598,144,192,44,158,s1
frame=4,5,1145,985,122,188,41,147,s1
frame=4,6,1479,598,135,192,67,142,s1
frame=4,7,534,1175,126,186,80,145,s1
frame=5,0,913,1363,145,183,100,149,s1
frame=5,1,1665,0,123,198,81,175,s1
frame=5,2,1663,683,135,216,67,193,s0
frame=5,3,989,1754,124,203,45,182,s0
frame=5,4,661,1175,145,186,44,152,s1
frame=5,5,1802,1363,123,182,41,142,s1
frame=5,6,1268,985,136,188,68,137,s1
frame=5,7,596,1549,125,181,79,140,s1
frame=6,0,1136,1549,147,180,102,146,s1
frame=6,1,1187,203,126,196,84,173,s1
frame=6,2,1589,902,136,214,67,191,s0
frame=6,3,1723,1754,124,202,45,181,s0
frame=6,4,1059,1363,148,183,45,148,s1
frame=6,5,138,1732,126,177,41,137,s1
frame=6,6,1877,1175,136,185,68,133,s1
frame=6,7,1284,1549,124,180,78,137,s1
frame=7,0,807,1175,149,186,103,152,s1
frame=7,1,1848,1754,128,202,85,179,s0
frame=7,2,1520,235,135,221,67,198,s0
frame=7,3,232,1334,124,210,45,188,s0
frame=7,4,1402,792,149,189,45,155,s1
frame=7,5,1409,1549,128,180,42,140,s1
frame=7,6,1552,792,136,189,68,137,s1
frame=7,7,0,1363,125,185,79,142,s1

[swing]
frames=4
duration=500ms
type=play_once
active_frame=2
frame=0,0,1789,0,102,198,60,164,s1
frame=0,1,1726,902,100,214,56,185,s0
frame=0,2,1172,461,137,219,67,198,s0
frame=0,3,1799,683,136,216,57,194,s0
frame=0,4,0,1334,102,211,41,176,s0
frame=0,5,581,203,100,197,43,157,s1
frame=0,6,645,792,138,191,70,160,s1
frame=0,7,1689,792,136,189,78,160,s1
frame=1,0,876,1119,95,213,52,178,s0
frame=1,1,967,0,95,228,52,196,s0
frame=1,2,690,0,139,229,69,207,s0
frame=1,3,1484,0,142,225,62,203,s0
frame=1,4,853,235,95,223,42,188,s0
frame=1,5,394,461,95,220,42,180,s0
frame=1,6,1845,203,139,195,70,168,s1
frame=1,7,1616,402,142,193,79,166,s1
frame=2,0,722,1549,157,181,113,145,s1
frame=2,1,957,1175,133,186,89,163,s1
frame=2,2,1292,1546,142,205,71,183,s0
frame=2,3,918,402,119,194,45,171,s1
frame=2,4,126,1363,161,185,47,149,s1
frame=2,5,1455,1732,133,170,43,133,s1
frame=2,6,1208,1363,142,183,70,126,s1
frame=2,7,265,1732,119,177,73,131,s1
frame=3,0,1351,1363,143,183,98,147,s1
frame=3,1,1892,0,124,198,82,175,s1
frame=3,2,0,902,141,216,71,193,s0
frame=3,3,1114,1754,114,203,45,182,s0
frame=3,4,288,1363,144,185,45,150,s1
frame=3,5,798,1732,124,174,41,139,s1
frame=3,6,1091,1175,141,186,70,136,s1
frame=3,7,880,1549,115,181,69,139,s1

[cast]
frames=4
duration=700ms
type=play_once
active_frame=2
frame=0,0,1435,1546,98,205,56,171,s0
frame=0,1,1827,902,126,214,77,189,s0
frame=0,2,1656,235,135,221,67,200,s0
frame=0,3,1086,235,125,222,48,197,s0
frame=0,4,647,683,98,217,41,183,s0
frame=0,5,237,1754,125,204,48,165,s0
frame=0,6,137,1175,135,187,67,158,s1
frame=0,7,682,203,125,197,76,158,s1
frame=1,0,681,235,85,224,42,190,s0
frame=1,1,1866,461,119,218,68,192,s0
frame=1,2,0,683,135,218,67,196,s0
frame=1,3,1627,0,118,225,50,199,s0
frame=1,4,0,0,85,234,42,200,s0
frame=1,5,315,0,118,232,50,198,s0
frame=1,6,142,902,135,216,67,194,s0
frame=1,7,1746,0,119,225,68,191,s0
frame=2,0,746,683,92,217,43,182,s0
frame=2,1,363,1754,112,204,61,178,s0
frame=2,2,748,0,137,200,68,175,s1
frame=2,3,921,1334,111,208,50,182,s0
frame=2,4,1866,0,92,225,48,190,s0
frame=2,5,0,235,111,225,50,194,s0
frame=2,6,789,902,137,215,68,193,s0
frame=2,7,839,683,112,217,61,186,s0
frame=3,0,1678,1119,90,212,45,178,s0
frame=3,1,604,1546,119,206,68,180,s0
frame=3,2,1645,1334,135,207,67,184,s0
frame=3,3,0,1119,118,214,50,188,s0
frame=3,4,1212,235,90,222,45,188,s0
frame=3,5,490,461,118,220,50,186,s0
frame=3,6,1534,1546,135,205,67,182,s0
frame=3,7,972,1119,119,213,68,179,s0

[shoot]
frames=4
duration=700ms
type=play_once
active_frame=2
frame=0,0,1670,1546,98,205,56,171,s0
frame=0,1,119,1119,126,214,77,189,s0
frame=0,2,1792,235,135,221,67,200,s0
frame=0,3,1303,235,125,222,48,197,s0
frame=0,4,952,683,98,217,41,183,s0
frame=0,5,476,1754,125,204,48,165,s0
frame=0,6,273,1175,135,187,67,158,s1
frame=0,7,808,203,125,197,76,158,s1
frame=1,0,767,235,85,224,42,190,s0
frame=1,1,136,683,119,218,68,192,s0
frame=1,2,256,683,135,218,67,196,s0
frame=1,3,112,235,118,225,50,199,s0
frame=1,4,86,0,85,234,42,200,s0
frame=1,5,434,0,118,232,50,198,s0
frame=1,6,278,902,135,216,67,194,s0
frame=1,7,231,235,119,225,68,191,s0
frame=2,0,1051,683,92,217,43,182,s0
frame=2,1,602,1754,112,204,61,178,s0
frame=2,2,886,0,137,200,68,175,s1
frame=2,3,1033,1334,111,208,50,182,s0
frame=2,4,351,235,92,225,48,190,s0
frame=2,5,444,235,111,225,50,194,s0
frame=2,6,927,902,137,215,68,193,s0
frame=2,7,1144,683,112,217,61,186,s0
frame=3,0,1769,1119,90,212,45,178,s0
frame=3,1,724,1546,119,206,68,180,s0
frame=3,2,1781,1334,135,207,67,184,s0
frame=3,3,246,1119,118,214,50,188,s0
frame=3,4,1429,235,90,222,45,188,s0
frame=3,5,609,461,118,220,50,186,s0
frame=3,6,1769,1546,135,205,67,182,s0
frame=3,7,1092,1119,119,213,68,179,s0

[block]
frames=2
duration=200ms
type=play_once
frame=0,0,1615,598,117,192,75,158,s1
frame=0,1,1917,1334,124,207,77,183,s0
frame=0,2,1310,461,135,219,67,198,s0
frame=0,3,1065,902,124,215,46,191,s0
frame=0,4,0,0,117,202,41,168,s1
frame=0,5,1733,598,124,192,46,153,s1
frame=0,6,1759,402,135,193,67,154,s1
frame=0,7,0,402,124,195,77,156,s1
frame=1,0,904,792,119,190,75,156,s1
frame=1,1,0,1546,124,207,77,183,s0
frame=1,2,728,461,135,220,67,198,s0
frame=1,3,1190,902,124,215,46,191,s0
frame=1,4,118,0,119,202,43,168,s1
frame=1,5,125,402,124,195,46,156,s1
frame=1,6,1895,402,135,193,67,154,s1
frame=1,7,1858,598,124,192,77,153,s1

[hit]
frames=2
duration=133ms
type=back_forth
frame=0,0,621,1334,83,209,41,172,s0
frame=0,1,125,1546,114,207,70,184,s0
frame=0,2,365,1119,145,214,72,193,s0
frame=0,3,511,1119,114,214,44,192,s0
frame=0,4,864,461,83,220,41,183,s0
frame=0,5,844,1546,113,206,43,171,s0
frame=0,6,1405,985,145,188,72,167,s1
frame=0,7,1161,0,115,199,70,164,s1
frame=1,0,705,1334,87,209,43,172,s0
frame=1,1,240,1546,112,207,70,184,s0
frame=1,2,1315,902,145,215,72,193,s0
frame=1,3,626,1119,115,214,45,192,s0
frame=1,4,948,461,87,220,43,183,s0
frame=1,5,958,1546,111,206,41,171,s0
frame=1,6,1826,792,145,189,72,167,s1
frame=1,7,934,203,116,197,70,162,s1

[die]
frames=6
duration=800ms
type=play_once
frame=0,0,250,402,117,195,75,158,s1
frame=0,1,1070,1546,110,206,66,183,s0
frame=0,2,1446,461,145,219,72,198,s0
frame=0,3,1212,1119,110,213,44,191,s0
frame=0,4,1905,1546,117,205,41,168,s0
frame=0,5,1233,1175,109,186,43,153,s1
frame=0,6,0,598,145,193,72,154,s1
frame=0,7,0,985,111,189,66,156,s1
frame=1,0,1038,402,159,194,113,158,s1
frame=1,1,742,1119,133,214,89,191,s0
frame=1,2,172,0,142,234,71,211,s0
frame=1,3,0,461,121,221,44,199,s0
frame=1,4,0,203,159,198,45,162,s1
frame=1,5,0,1549,133,182,43,143,s1
frame=1,6,368,402,142,195,71,138,s1
frame=1,7,112,985,122,189,77,144,s1
frame=2,0,0,0,215,162,172,127,s2
frame=2,1,433,1363,180,185,134,164,s1
frame=2,2,1229,1754,139,203,69,181,s0
frame=2,3,1551,985,154,188,41,165,s1
frame=2,4,1727,1732,215,163,42,128,s1
frame=2,5,1625,163,180,148,45,91,s2
frame=2,6,385,1732,139,177,69,90,s1
frame=2,7,861,0,154,158,112,90,s2
frame=3,0,1012,467,238,120,194,85,s2
frame=3,1,1255,318,188,143,146,120,s2
frame=3,2,1589,1732,137,165,68,143,s1
frame=3,3,885,318,176,144,45,123,s2
frame=3,4,1251,467,238,120,43,85,s2
frame=3,5,699,163,188,151,41,85,s2
frame=3,6,1495,1363,138,183,69,85,s1
frame=3,7,340,0,176,159,130,85,s2
frame=4,0,1468,598,241,114,195,80,s2
frame=4,1,0,833,193,105,147,83,s2
frame=4,2,1818,318,136,130,68,107,s2
frame=4,3,1185,718,174,107,42,84,s2
frame=4,4,1710,598,241,114,45,80,s2
frame=4,5,122,318,193,147,45,80,s2
frame=4,6,1789,1549,136,179,68,80,s1
frame=4,7,1849,0,174,154,131,80,s2
frame=5,0,0,718,234,114,192,80,s2
frame=5,1,1553,718,192,106,148,83,s2
frame=5,2,395,467,135,127,67,106,s2
frame=5,3,382,833,170,104,44,82,s2
frame=5,4,235,718,234,114,41,80,s2
frame=5,5,1062,318,192,144,43,80,s2
frame=5,6,525,1732,135,177,67,80,s1
frame=5,7,1421,0,170,155,125,80,s2

[critdie]
frames=8
duration=1066ms
type=play_once
frame=0,0,511,402,117,195,75,158,s1
frame=0,1,1181,1546,110,206,66,183,s0
frame=0,2,1592,461,145,219,72,198,s0
frame=0,3,1323,1119,110,213,44,191,s0
frame=0,4,0,1754,117,205,41,168,s0
frame=0,5,1343,1175,109,186,43,153,s1
frame=0,6,146,598,145,193,72,154,s1
frame=0,7,235,985,111,189,66,156,s1
frame=1,0,1314,203,137,196,95,160,s1
frame=1,1,1860,1119,121,212,78,189,s0
frame=1,2,1063,0,142,227,71,206,s0
frame=1,3,392,683,118,218,45,196,s0
frame=1,4,238,0,137,201,41,165,s1
frame=1,5,1453,1175,122,186,43,149,s1
frame=1,6,1452,203,142,196,71,147,s1
frame=1,7,0,792,117,192,72,152,s1
frame=2,0,1576,1175,183,186,140,150,s1
frame=2,1,715,1754,153,204,110,181,s0
frame=2,2,1206,0,140,226,70,204,s0
frame=2,3,357,1334,139,210,45,188,s0
frame=2,4,614,1363,183,185,42,149,s1
frame=2,5,923,1732,153,173,42,126,s1
frame=2,6,1706,985,140,188,70,117,s1
frame=2,7,134,1549,139,182,93,126,s1
frame=3,0,178,163,226,153,182,118,s2
frame=3,1,274,1549,182,182,139,159,s1
frame=3,2,1277,0,139,199,69,177,s1
frame=3,3,1634,1363,167,183,45,161,s1
frame=3,4,1016,0,226,156,43,121,s2
frame=3,5,888,163,182,150,42,89,s2
frame=3,6,996,1549,139,181,69,89,s1
frame=3,7,517,0,167,159,121,89,s2
frame=4,0,1490,467,237,120,193,85,s2
frame=4,1,1436,163,188,149,146,126,s2
frame=4,2,1192,1732,138,171,69,149,s1
frame=4,3,1071,163,175,150,45,129,s2
frame=4,4,1728,467,237,120,43,85,s2
frame=4,5,1247,163,188,150,41,85,s2
frame=4,6,457,1549,138,182,69,85,s1
frame=4,7,685,0,175,159,129,85,s2
frame=5,0,136,598,239,116,194,81,s2
frame=5,1,376,598,187,116,145,93,s2
frame=5,2,1444,318,137,141,68,118,s2
frame=5,3,564,598,177,116,45,95,s2
frame=5,4,742,598,239,116,44,81,s2
frame=5,5,316,318,187,147,41,81,s2
frame=5,6,0,1732,137,179,68,81,s1
frame=5,7,0,163,177,154,131,81,s2
frame=6,0,470,718,238,114,193,80,s2
frame=6,1,194,833,187,105,145,82,s2
frame=6,2,136,467,136,129,68,106,s2
frame=6,3,553,833,177,103,45,82,s2
frame=6,4,709,718,239,114,45,80,s2
frame=6,5,697,318,187,146,41,80,s2
frame=6,6,661,1732,136,177,68,80,s1
frame=6,7,405,163,177,153,131,80,s2
frame=7,0,982,598,242,115,196,81,s2
frame=7,1,1360,718,192,107,149,84,s2
frame=7,2,0,467,135,130,67,107,s2
frame=7,3,1746,718,177,106,45,84,s2
frame=7,4,1225,598,242,115,45,81,s2
frame=7,5,504,318,192,147,42,81,s2
frame=7,6,1538,1549,135,180,67,81,s1
frame=7,7,1243,0,177,156,131,81,s2

[spawn]
frames=6
duration=800ms
type=play_once
frame=0,0,79,939,79,48,34,29,s2
frame=0,1,515,939,62,38,45,37,s2
frame=0,2,1943,833,51,54,19,41,s2
frame=0,3,159,939,89,48,43,42,s2
frame=0,4,0,939,78,49,45,37,s2
frame=0,5,424,939,90,46,44,34,s2
frame=0,6,1736,833,83,63,41,45,s2
frame=0,7,249,939,63,48,27,43,s2
frame=1,0,313,939,110,48,77,36,s2
frame=1,1,1526,833,105,75,66,63,s2
frame=1,2,1277,833,88,82,46,78,s2
frame=1,3,1197,833,79,86,30,71,s2
frame=1,4,1820,833,122,59,44,47,s2
frame=1,5,1632,833,103,68,36,43,s2
frame=1,6,1366,833,78,77,31,38,s2
frame=1,7,1445,833,80,76,48,42,s2
frame=2,0,867,833,102,97,76,63,s2
frame=2,1,949,718,113,114,67,91,s2
frame=2,2,0,598,135,119,67,107,s2
frame=2,3,791,467,112,125,45,102,s2
frame=2,4,1063,718,121,113,44,79,s2
frame=2,5,970,833,113,95,45,61,s2
frame=2,6,731,833,135,99,67,60,s2
frame=2,7,1084,833,112,94,66,60,s2
frame=3,0,904,467,107,125,75,90,s2
frame=3,1,1582,318,121,139,77,117,s2
frame=3,2,1806,163,137,148,68,132,s2
frame=3,3,0,318,121,148,43,126,s2
frame=3,4,1704,318,113,137,37,102,s2
frame=3,5,273,467,121,129,43,90,s2
frame=3,6,531,467,137,127,68,88,s2
frame=3,7,669,467,121,126,77,87,s2
frame=4,0,216,0,123,160,77,124,s2
frame=4,1,1077,1732,114,172,74,152,s1
frame=4,2,347,985,141,189,70,166,s1
frame=4,3,1674,1549,114,180,39,160,s1
frame=4,4,1331,1732,123,171,45,135,s1
frame=4,5,1592,0,114,155,39,117,s2
frame=4,6,1707,0,141,155,70,116,s2
frame=4,7,583,163,115,153,75,115,s2
frame=5,0,489,985,118,189,76,152,s1
frame=5,1,1369,1754,115,203,71,180,s0
frame=5,2,1257,683,145,217,72,196,s0
frame=5,3,1434,1119,115,213,44,191,s0
frame=5,4,118,1754,118,205,41,168,s0
frame=5,5,798,1363,114,185,43,149,s1
frame=5,6,1847,985,145,188,72,149,s1
frame=5,7,1760,1175,116,186,71,150,s1
